11
35
0[
0
[1.0, 3.774895063202166e-08, -1.1102228261018095e-16, 1.1102230246251565e-16]
1
[7.549790126404332e-08, 5.0719138565131876e-15, 1.0, 6.717954192936304e-08]
2
[0.49988681077957153, -0.4998868703842163, -0.5106359124183655, -0.4893641173839569]
3
[0.48936423659324646, -0.5106359124183655, 0.4998868405818939, -0.4998869299888611]
4
[0.49988681077957153, -0.4998868703842163, 0.5106359124183655, 0.4893641173839569]
5
[0.48936423659324646, -0.5106359124183655, -0.4998868405818939, 0.4998869299888611]
6
[1.1405927133226017e-14, -3.109753663466108e-07, -3.774894707930798e-08, 1.0]
7
[0.8891159296035767, 0.11084878444671631, -0.3097801208496094, 0.31815361976623535]
8
[0.8891159892082214, -0.11084888130426407, 0.3097798228263855, -0.31815364956855774]
9
[0.889116108417511, 0.11084897071123123, 0.309779554605484, -0.3181535601615906]
10
[0.8891159892082214, -0.11084888130426407, -0.30977991223335266, 0.31815358996391296]
]
2[
0
[1.0, 3.774895063202166e-08, -1.1102228261018095e-16, 1.1102230246251565e-16]
1
[7.549790126404332e-08, 5.0719138565131876e-15, 1.0, 6.717954192936304e-08]
2
[0.49965474009513855, -0.50014328956604, -0.5103847980499268, -0.48960113525390625]
3
[0.4903371334075928, -0.5096610188484192, 0.5008806586265564, -0.49893251061439514]
4
[0.5001612901687622, -0.5001104474067688, 0.5104163885116577, 0.48908430337905884]
5
[0.48988237977027893, -0.5101853013038635, -0.4993709325790405, 0.5003547668457031]
6
[0.00010791854583658278, -3.109713020421623e-07, -3.778250956543161e-08, 1.0]
7
[0.8890646696090698, 0.11080089211463928, -0.3097972571849823, 0.31829679012298584]
8
[0.8891159892082214, -0.11084886640310287, 0.3097798228263855, -0.31815361976623535]
9
[0.8891322612762451, 0.11083333939313889, 0.3097851872444153, -0.3181086778640747]
10
[0.8891159892082214, -0.11084888130426407, -0.3097798824310303, 0.31815358996391296]
]
3[
0
[1.0, 3.774895063202166e-08, -1.1102228261018095e-16, 1.1102230246251565e-16]
1
[7.549790126404332e-08, 5.0719138565131876e-15, 1.0, 6.717954192936304e-08]
2
[0.49892863631248474, -0.5009411573410034, -0.5096017122268677, -0.490340918302536]
3
[0.49326708912849426, -0.5067023038864136, 0.5038736462593079, -0.496036171913147]
4
[0.5010091066360474, -0.5007993578910828, 0.5097359418869019, 0.4882204532623291]
5
[0.4914498031139374, -0.5088173151016235, -0.4977684020996094, 0.5018056035041809]
6
[0.0004341558669693768, -3.109589670202695e-07, -3.788396085724344e-08, 1.0]
7
[0.8889086842536926, 0.11066408455371857, -0.30984610319137573, 0.31873220205307007]
8
[0.8891159892082214, -0.11084887385368347, 0.3097798228263855, -0.31815361976623535]
9
[0.8891807794570923, 0.1107860878109932, 0.3098021149635315, -0.3179730474948883]
10
[0.8891159892082214, -0.11084890365600586, -0.30977991223335266, 0.31815361976623535]
]
4[
0
[1.0, 3.774895063202166e-08, -1.1102228261018095e-16, 1.1102230246251565e-16]
1
[7.549790126404332e-08, 5.0719138565131876e-15, 1.0, 6.717954192936304e-08]
2
[0.4976631999015808, -0.502321183681488, -0.5082420110702515, -0.4916248023509979]
3
[0.4981253445148468, -0.5017184019088745, 0.5088363885879517, -0.4911571443080902]
4
[0.5024631023406982, -0.501976728439331, 0.5085626244544983, 0.48673832416534424]
5
[0.4940671920776367, -0.5065141320228577, -0.49499547481536865, 0.5043020844459534]
6
[0.0009793740464374423, -3.109382475940947e-07, -3.805349280128212e-08, 0.9999995231628418]
7
[0.8886454701423645, 0.11045204102993011, -0.3099217414855957, 0.3194655179977417]
8
[0.8891159892082214, -0.11084886640310287, 0.3097798228263855, -0.31815361976623535]
9
[0.889261782169342, 0.11070707440376282, 0.30983033776283264, -0.31774625182151794]
10
[0.8891159892082214, -0.11084889620542526, -0.30977991223335266, 0.31815361976623535]
]
5[
0
[1.0, 3.774895063202166e-08, -1.1102228261018095e-16, 1.1102230246251565e-16]
1
[7.549790126404332e-08, 5.0719138565131876e-15, 1.0, 6.717954192936304e-08]
2
[0.49581295251846313, -0.5043179392814636, -0.506261944770813, -0.49348947405815125]
3
[0.5048134922981262, -0.494693785905838, 0.5156683921813965, -0.48428043723106384]
4
[0.5045480728149414, -0.5036580562591553, 0.5068669319152832, 0.4846089780330658]
5
[0.49770522117614746, -0.5032711029052734, -0.4909714162349701, 0.5078924894332886]
6
[0.0017390260472893715, -3.109092290287663e-07, -3.828968431207613e-08, 0.9999985098838806]
7
[0.8882742524147034, 0.11018363386392593, -0.3100169599056244, 0.3204963505268097]
8
[0.8891159892082214, -0.11084885895252228, 0.3097798228263855, -0.31815361976623535]
9
[0.8893745541572571, 0.11059696227312088, 0.3098696172237396, -0.317430317401886]
10
[0.8891159892082214, -0.11084890365600586, -0.3097798824310303, 0.31815361976623535]
]
6[
0
[1.0, 3.774895063202166e-08, -1.1102228261018095e-16, 1.1102230246251565e-16]
1
[7.549790126404332e-08, 5.0719138565131876e-15, 1.0, 6.717954192936304e-08]
2
[0.4933353364467621, -0.5069566965103149, -0.5036219954490662, -0.49596378207206726]
3
[0.5131525993347168, -0.4856584668159485, 0.5241867899894714, -0.4754352867603302]
4
[0.5072765350341797, -0.5058477520942688, 0.5046247839927673, 0.48181167244911194]
5
[0.5022968649864197, -0.49910321831703186, -0.4856250286102295, 0.5126034617424011]
6
[0.0027019022963941097, -3.108722239630879e-07, -3.8589032413938185e-08, 0.9999963641166687]
7
[0.8877971172332764, 0.10988367348909378, -0.31012263894081116, 0.3218163847923279]
8
[0.8891159892082214, -0.11084887385368347, 0.3097798228263855, -0.31815361976623535]
9
[0.8895175457000732, 0.11045743525028229, 0.30991944670677185, -0.31702977418899536]
10
[0.8891159892082214, -0.11084887385368347, -0.3097798526287079, 0.31815361976623535]
]
7[
0
[1.0, 3.774895063202166e-08, -1.1102228261018095e-16, 1.1102230246251565e-16]
1
[7.549790126404332e-08, 5.0719138565131876e-15, 1.0, 6.717954192936304e-08]
2
[0.4901944100856781, -0.5102488398551941, -0.5002908110618591, -0.49906378984451294]
3
[0.5228781700134277, -0.47471046447753906, 0.5341215133666992, -0.46471771597862244]
4
[0.5106450915336609, -0.5085365176200867, 0.5018206238746643, 0.47833919525146484]
5
[0.5077316761016846, -0.4940510094165802, -0.47890380024909973, 0.5184335112571716]
6
[0.0038488307036459446, -3.1082777240953874e-07, -3.894556144246053e-08, 0.9999926090240479]
7
[0.887219250202179, 0.10958303511142731, -0.31022730469703674, 0.32340773940086365]
8
[0.8891159892082214, -0.11084886640310287, 0.3097798228263855, -0.31815361976623535]
9
[0.8896874189376831, 0.11029113829135895, 0.30997854471206665, -0.3165525197982788]
10
[0.8891159892082214, -0.11084889620542526, -0.30977991223335266, 0.3181536793708801]
]
8[
0
[1.0, 3.774895063202166e-08, -1.1102228261018095e-16, 1.1102230246251565e-16]
1
[7.549790126404332e-08, 5.0719138565131876e-15, 1.0, 6.717954192936304e-08]
2
[0.48636478185653687, -0.5141873359680176, -0.4962491989135742, -0.5027897357940674]
3
[0.5336460471153259, -0.4620380401611328, 0.5451208353042603, -0.45231205224990845]
4
[0.5146303772926331, -0.5116978287696838, 0.49845170974731445, 0.4742013216018677]
5
[0.5138536095619202, -0.48818734288215637, -0.47078418731689453, 0.5253474116325378]
6
[0.005151857156306505, -3.1077675544111116e-07, -3.9350549485561714e-08, 0.9999867677688599]
7
[0.8865498900413513, 0.109318308532238, -0.31031739711761475, 0.325241357088089]
8
[0.8891159892082214, -0.11084887385368347, 0.3097798228263855, -0.31815361976623535]
9
[0.8898801207542419, 0.11010222136974335, 0.3100457489490509, -0.3160102963447571]
10
[0.8891159892082214, -0.11084887385368347, -0.3097798824310303, 0.31815361976623535]
]
9[
0
[1.0, 3.774895063202166e-08, -1.1102228261018095e-16, 1.1102230246251565e-16]
1
[7.549790126404332e-08, 5.0719138565131876e-15, 1.0, 6.717954192936304e-08]
2
[0.4818362891674042, -0.5187436938285828, -0.49149447679519653, -0.5071213245391846]
3
[0.5450493097305298, -0.44793274998664856, 0.5567693710327148, -0.4385036528110504]
4
[0.5191870927810669, -0.5152869820594788, 0.49453112483024597, 0.46942853927612305]
5
[0.520462691783905, -0.48162034153938293, -0.46128153800964355, 0.5332726836204529]
6
[0.006574272643774748, -3.1072045203472953e-07, -3.9792571016050715e-08, 0.9999784231185913]
7
[0.8858023881912231, 0.10913047939538956, -0.31037795543670654, 0.32727694511413574]
8
[0.8891159892082214, -0.11084888130426407, 0.3097798228263855, -0.31815361976623535]
9
[0.8900901675224304, 0.10989592969417572, 0.3101189434528351, -0.31541818380355835]
10
[0.8891159892082214, -0.11084887385368347, -0.3097798824310303, 0.31815358996391296]
]
10[
0
[1.0, 3.774895063202166e-08, -1.1102228261018095e-16, 1.1102230246251565e-16]
1
[7.549790126404332e-08, 5.0719138565131876e-15, 1.0, 6.717954192936304e-08]
2
[0.47661706805229187, -0.5238665342330933, -0.486043781042099, -0.5120170712471008]
3
[0.5566504597663879, -0.4327901303768158, 0.5686199069023132, -0.42367979884147644]
4
[0.5242477059364319, -0.5192417502403259, 0.4900897443294525, 0.46407386660575867]
5
[0.5273246765136719, -0.47449395060539246, -0.45045706629753113, 0.5421003699302673]
6
[0.00807178858667612, -3.1066053907125024e-07, -4.0257848610281144e-08, 0.9999674558639526]
7
[0.8849943280220032, 0.1090628057718277, -0.31039324402809143, 0.3294638395309448]
8
[0.8891159892082214, -0.11084886640310287, 0.3097798526287079, -0.31815361976623535]
9
[0.8903108835220337, 0.10967867821455002, 0.31019583344459534, -0.31479471921920776]
10
[0.8891159892082214, -0.11084885895252228, -0.3097798824310303, 0.31815358996391296]
]
11[
0
[1.0, 3.774895063202166e-08, -1.1102228261018095e-16, 1.1102230246251565e-16]
1
[7.549790126404332e-08, 5.0719138565131876e-15, 1.0, 6.717954192936304e-08]
2
[0.47073572874069214, -0.5294826626777649, -0.47993552684783936, -0.5174145698547363]
3
[0.5680201053619385, -0.4170902967453003, 0.5802340507507324, -0.40831053256988525]
4
[0.5297256112098694, -0.5234848856925964, 0.48517680168151855, 0.45821163058280945]
5
[0.534184992313385, -0.46698233485221863, -0.4384194612503052, 0.551690399646759]
6
[0.009594939649105072, -3.1059883554007683e-07, -4.0731002570737473e-08, 0.9999539852142334]
7
[0.8841464519500732, 0.10915778577327728, -0.3103480637073517, 0.3317435383796692]
8
[0.8891159892082214, -0.11084888130426407, 0.3097798228263855, -0.31815361976623535]
9
[0.8905349373817444, 0.10945767164230347, 0.3102739155292511, -0.3141603469848633]
10
[0.8891159892082214, -0.11084888875484467, -0.30977991223335266, 0.31815358996391296]
]
12[
0
[1.0, 3.774895063202166e-08, -1.1102228261018095e-16, 1.1102230246251565e-16]
1
[7.549790126404332e-08, 5.0719138565131876e-15, 1.0, 6.717954192936304e-08]
2
[0.46424081921577454, -0.5355018973350525, -0.4732278287410736, -0.5232338905334473]
3
[0.578777015209198, -0.40136274695396423, 0.5912222862243652, -0.39291396737098694]
4
[0.5355207324028015, -0.527929961681366, 0.4798574149608612, 0.4519340395927429]
5
[0.5407891273498535, -0.4592796266078949, -0.42532092332839966, 0.5618820190429688]
6
[0.011089480482041836, -3.1053733096086944e-07, -4.119483065778695e-08, 0.9999384880065918]
7
[0.8832814693450928, 0.10945422947406769, -0.3102286458015442, 0.3340536952018738]
8
[0.8891159892082214, -0.11084887385368347, 0.3097798228263855, -0.31815361976623535]
9
[0.8907548189163208, 0.1092403382062912, 0.3103505074977875, -0.31353652477264404]
10
[0.8891159892082214, -0.11084888130426407, -0.3097798824310303, 0.31815361976623535]
]
13[
0
[1.0, 3.774895063202166e-08, -1.1102228261018095e-16, 1.1102230246251565e-16]
1
[7.549790126404332e-08, 5.0719138565131876e-15, 1.0, 6.717954192936304e-08]
2
[0.45719724893569946, -0.5418230295181274, -0.4659947156906128, -0.5293840169906616]
3
[0.5886182188987732, -0.38613995909690857, 0.6012750864028931, -0.3780116140842438]
4
[0.5415270328521729, -0.532487690448761, 0.47420862317085266, 0.44534432888031006]
5
[0.5469009876251221, -0.45158615708351135, -0.411345511674881, 0.5725067853927612]
6
[0.012512944638729095, -3.104786117091862e-07, -4.163757694186643e-08, 0.9999216794967651]
7
[0.8824223279953003, 0.10998420417308807, -0.31002378463745117, 0.3363325893878937]
8
[0.8891159892082214, -0.11084888875484467, 0.3097798228263855, -0.31815361976623535]
9
[0.8909631967544556, 0.10903383046388626, 0.3104230463504791, -0.31294384598731995]
10
[0.8891159892082214, -0.11084887385368347, -0.3097798824310303, 0.3181535601615906]
]
14[
0
[1.0, 3.774895063202166e-08, -1.1102228261018095e-16, 1.1102230246251565e-16]
1
[7.549790126404332e-08, 5.0719138565131876e-15, 1.0, 6.717954192936304e-08]
2
[0.4496816098690033, -0.5483424663543701, -0.45832085609436035, -0.5357695817947388]
3
[0.5973329544067383, -0.371913343667984, 0.610177218914032, -0.36408454179763794]
4
[0.5476407408714294, -0.5370727181434631, 0.4683128893375397, 0.4385494887828827]
5
[0.5523199439048767, -0.44409412145614624, -0.3966945707798004, 0.5834008455276489]
6
[0.0138155622407794, -3.10424184135627e-07, -4.204224168802284e-08, 0.9999046325683594]
7
[0.8815906047821045, 0.11077132076025009, -0.30972543358802795, 0.33852317929267883]
8
[0.8891159892082214, -0.11084888130426407, 0.3097798526287079, -0.31815361976623535]
9
[0.8911536931991577, 0.10884463787078857, 0.3104894757270813, -0.31240081787109375]
10
[0.8891159892082214, -0.11084887385368347, -0.30977991223335266, 0.31815358996391296]
]
15[
0
[1.0, 3.774895063202166e-08, -1.1102228261018095e-16, 1.1102230246251565e-16]
1
[7.549790126404332e-08, 5.0719138565131876e-15, 1.0, 6.717954192936304e-08]
2
[0.441776305437088, -0.5549607276916504, -0.4502948820590973, -0.5422977805137634]
3
[0.6048003435134888, -0.3590996265411377, 0.6178051829338074, -0.3515405058860779]
4
[0.553767204284668, -0.5416089296340942, 0.4622528553009033, 0.43165266513824463]
5
[0.5568896532058716, -0.4369748532772064, -0.3815705180168152, 0.5944164991378784]
6
[0.014963402412831783, -3.1037569669933873e-07, -4.2397545030326e-08, 0.9998881220817566]
7
[0.8808049559593201, 0.11183001846075058, -0.30932891368865967, 0.3405764698982239]
8
[0.8891159892082214, -0.11084886640310287, 0.3097798228263855, -0.31815361976623535]
9
[0.8913211226463318, 0.10867806524038315, 0.3105478584766388, -0.31192272901535034]
10
[0.8891159892082214, -0.11084888130426407, -0.3097798824310303, 0.31815358996391296]
]
16[
0
[1.0, 3.774895063202166e-08, -1.1102228261018095e-16, 1.1102230246251565e-16]
1
[7.549790126404332e-08, 5.0719138565131876e-15, 1.0, 6.717954192936304e-08]
2
[0.433563768863678, -0.5615884065628052, -0.4420037865638733, -0.5488840341567993]
3
[0.6109739542007446, -0.34802383184432983, 0.624111533164978, -0.3406979441642761]
4
[0.5598255395889282, -0.5460330843925476, 0.4561059772968292, 0.42474761605262756]
5
[0.5605015158653259, -0.4303709864616394, -0.3661629259586334, 0.6054284572601318]
6
[0.01592627353966236, -3.103346273292118e-07, -4.269690734304277e-08, 0.999873161315918]
7
[0.88008052110672, 0.11316581070423126, -0.3088324964046478, 0.3424533009529114]
8
[0.8891159892082214, -0.11084886640310287, 0.3097798228263855, -0.31815361976623535]
9
[0.8914615511894226, 0.1085381880402565, 0.3105967342853546, -0.3115213215351105]
10
[0.8891159892082214, -0.11084887385368347, -0.3097798824310303, 0.31815358996391296]
]
17[
0
[1.0, 3.774895063202166e-08, -1.1102228261018095e-16, 1.1102230246251565e-16]
1
[7.549790126404332e-08, 5.0719138565131876e-15, 1.0, 6.717954192936304e-08]
2
[0.42512184381484985, -0.568149983882904, -0.4335280954837799, -0.555455207824707]
3
[0.6158601641654968, -0.33891797065734863, 0.629102885723114, -0.3317837417125702]
4
[0.5657506585121155, -0.5502965450286865, 0.44994115829467773, 0.4179149270057678]
5
[0.5630913376808167, -0.42439261078834534, -0.3506394922733307, 0.6163368821144104]
6
[0.016685418784618378, -3.1030228342388e-07, -4.293254818321657e-08, 0.9998608231544495]
7
[0.8794284462928772, 0.11477681249380112, -0.308237224817276, 0.3441249132156372]
8
[0.8891159892082214, -0.11084888130426407, 0.3097798228263855, -0.31815361976623535]
9
[0.891572117805481, 0.10842783749103546, 0.3106352984905243, -0.31120461225509644]
10
[0.8891159892082214, -0.11084887385368347, -0.3097798824310303, 0.31815361976623535]
]
18[
0
[1.0, 3.774895063202166e-08, -1.1102228261018095e-16, 1.1102230246251565e-16]
1
[7.549790126404332e-08, 5.0719138565131876e-15, 1.0, 6.717954192936304e-08]
2
[0.4165208339691162, -0.5745843648910522, -0.4249395728111267, -0.5619516372680664]
3
[0.6194961667060852, -0.3319314420223236, 0.6328170299530029, -0.32494425773620605]
4
[0.5714939832687378, -0.5543641448020935, 0.4438164532184601, 0.4112201929092407]
5
[0.564631998538971, -0.41911762952804565, -0.33514001965522766, 0.6270663738250732]
6
[0.017231468111276627, -3.102787502484716e-07, -4.310222578851608e-08, 0.9998515248298645]
7
[0.8788556456565857, 0.11665499210357666, -0.3075459897518158, 0.3455717861652374]
8
[0.8891159892082214, -0.11084887385368347, 0.3097798228263855, -0.31815361976623535]
9
[0.891651451587677, 0.10834864526987076, 0.3106629252433777, -0.31097719073295593]
10
[0.8891159892082214, -0.11084888875484467, -0.3097798824310303, 0.31815358996391296]
]
19[
0
[1.0, 3.774895063202166e-08, -1.1102228261018095e-16, 1.1102230246251565e-16]
1
[7.549790126404332e-08, 5.0719138565131876e-15, 1.0, 6.717954192936304e-08]
2
[0.4078220725059509, -0.5808452367782593, -0.4162994623184204, -0.5683263540267944]
3
[0.6219304800033569, -0.327146977186203, 0.6353036165237427, -0.32026052474975586]
4
[0.5770214200019836, -0.5582132935523987, 0.4377790093421936, 0.40471455454826355]
5
[0.5651255249977112, -0.4145953953266144, -0.3197760581970215, 0.6375634670257568]
6
[0.017556196078658104, -3.1026456781546585e-07, -4.320277113833981e-08, 0.9998458623886108]
7
[0.878366231918335, 0.11878833174705505, -0.30676305294036865, 0.3467831015586853]
8
[0.8891159892082214, -0.11084888130426407, 0.3097798228263855, -0.31815358996391296]
9
[0.8916988968849182, 0.10830121487379074, 0.3106794059276581, -0.3108411729335785]
10
[0.8891159892082214, -0.11084888875484467, -0.30977991223335266, 0.31815361976623535]
]
20[
0
[1.0, 3.774895063202166e-08, -1.1102228261018095e-16, 1.1102230246251565e-16]
1
[7.549790126404332e-08, 5.0719138565131876e-15, 1.0, 6.717954192936304e-08]
2
[0.3990771770477295, -0.5868990421295166, -0.4076583981513977, -0.5745446085929871]
3
[0.6232088804244995, -0.32459837198257446, 0.6366094946861267, -0.3177655041217804]
4
[0.5823115110397339, -0.5618313550949097, 0.4318656027317047, 0.39843571186065674]
5
[0.5645939707756042, -0.41085049510002136, -0.3046318590641022, 0.6477924585342407]
6
[0.017666412517428398, -3.065523515033419e-07, -4.056954239217703e-08, 0.9998440146446228]
7
[0.8779610991477966, 0.1211620643734932, -0.3058936595916748, 0.3477543890476227]
8
[0.8891159892082214, -0.11084887385368347, 0.3097798228263855, -0.31815361976623535]
9
[0.8917145729064941, 0.10828553885221481, 0.3106848895549774, -0.3107961416244507]
10
[0.8891159892082214, -0.11084890365600586, -0.3097798824310303, 0.31815361976623535]
]
21[
0
[0.9999997615814209, 0.0007155764033086598, -1.1094281371437176e-16, 1.1110171180132074e-16]
1
[7.549790126404332e-08, 5.072410641336752e-15, 1.0, 6.717164069414139e-08]
2
[0.3893505036830902, -0.5925022959709167, -0.39837151765823364, -0.5819342136383057]
3
[0.6234311461448669, -0.3146980404853821, 0.6351625919342041, -0.32995057106018066]
4
[0.5884846448898315, -0.5654035210609436, 0.42458146810531616, 0.39209091663360596]
5
[0.5597760081291199, -0.4091905355453491, -0.2898137867450714, 0.6597135663032532]
6
[0.017666248604655266, -6.637297701672651e-06, 0.00035858587943948805, 0.9998438954353333]
7
[0.8779067993164062, 0.12919551134109497, -0.3064291179180145, 0.34451326727867126]
8
[0.8852019906044006, -0.11892718076705933, 0.31666404008865356, -0.3193710744380951]
9
[0.8917145729064941, 0.10828551650047302, 0.3106849193572998, -0.3107961416244507]
10
[0.8891159892082214, -0.11084888875484467, -0.30977991223335266, 0.31815358996391296]
]
22[
0
[0.9999955892562866, 0.002968559041619301, -1.106922243108825e-16, 1.1135138799741375e-16]
1
[7.549790836947068e-08, 5.051843410827997e-15, 1.0, 6.728805601596832e-08]
2
[0.37775111198425293, -0.5972513556480408, -0.38760727643966675, -0.59190833568573]
3
[0.6215692758560181, -0.2865554988384247, 0.6280708909034729, -0.3702223598957062]
4
[0.5965921878814697, -0.569010317325592, 0.41446027159690857, 0.38539305329322815]
5
[0.5474764704704285, -0.4105859100818634, -0.27522629499435425, 0.6752328276634216]
6
[0.0176661666482687, -2.568913623690605e-05, 0.0014379220083355904, 0.9998430013656616]
7
[0.8781178593635559, 0.14899809658527374, -0.309928297996521, 0.3326456546783447]
8
[0.8724242448806763, -0.1433790773153305, 0.33774715662002563, -0.3228706419467926]
9
[0.8917145729064941, 0.10828554630279541, 0.3106848895549774, -0.31079617142677307]
10
[0.8891159892082214, -0.11084889620542526, -0.3097798824310303, 0.31815358996391296]
]
23[
0
[0.9999764561653137, 0.0068646082654595375, -1.1025754420770833e-16, 1.1178179984862714e-16]
1
[7.549790836947068e-08, 5.052271585982834e-15, 1.0, 6.705522537231445e-08]
2
[0.36457177996635437, -0.600847601890564, -0.3751576542854309, -0.6044222712516785]
3
[0.6142271757125854, -0.2382110059261322, 0.6117749214172363, -0.437849223613739]
4
[0.6063429117202759, -0.572435200214386, 0.40181729197502136, 0.3784297704696655]
5
[0.528387725353241, -0.4140951335430145, -0.2604873776435852, 0.6938861608505249]
6
[0.017666179686784744, -5.6663087889319286e-05, 0.003192892763763666, 0.9998388886451721]
7
[0.8775237798690796, 0.18108564615249634, -0.3162146210670471, 0.3117183446884155]
8
[0.8484490513801575, -0.18348926305770874, 0.3727424740791321, -0.32791608572006226]
9
[0.8917145729064941, 0.10828554630279541, 0.3106849193572998, -0.3107961416244507]
10
[0.8891159892082214, -0.11084889620542526, -0.30977991223335266, 0.31815361976623535]
]
24[
0
[0.9999233484268188, 0.012383835390210152, -1.0963888590141257e-16, 1.1238865925066545e-16]
1
[7.549790126404332e-08, 5.052872555858911e-15, 1.0, 6.705522537231445e-08]
2
[0.3504121005535126, -0.6029919385910034, -0.3609142005443573, -0.6191550493240356]
3
[0.5964165329933167, -0.1701149046421051, 0.5817177295684814, -0.5262629985809326]
4
[0.6171706914901733, -0.5754129886627197, 0.38739845156669617, 0.37137937545776367]
5
[0.5042303800582886, -0.4181705713272095, -0.24505752325057983, 0.7147250175476074]
6
[0.01766551285982132, -9.718288492877036e-05, 0.005488332360982895, 0.9998288750648499]
7
[0.8743877410888672, 0.22482390701770782, -0.32463720440864563, 0.2819769084453583]
8
[0.8109666705131531, -0.2359621673822403, 0.419193297624588, -0.3330644369125366]
9
[0.8917145729064941, 0.10828552395105362, 0.3106848895549774, -0.3107961416244507]
10
[0.8891159892082214, -0.11084888875484467, -0.30977991223335266, 0.31815358996391296]
]
25[
0
[0.9998133182525635, 0.019324515014886856, -1.0885610172669649e-16, 1.1314700520136426e-16]
1
[7.549790126404332e-08, 5.053618368368968e-15, 1.0, 6.705522537231445e-08]
2
[0.33618536591529846, -0.6034703850746155, -0.3449496626853943, -0.6354626417160034]
3
[0.564828097820282, -0.08889638632535934, 0.5361256003379822, -0.6209959983825684]
4
[0.6282585263252258, -0.5776885747909546, 0.37241506576538086, 0.36451923847198486]
5
[0.47786250710487366, -0.42084622383117676, -0.22834157943725586, 0.7364754676818848]
6
[0.017665863037109375, -0.0001430490956408903, 0.008088670670986176, 0.9998111724853516]
7
[0.8667179942131042, 0.27794894576072693, -0.33407729864120483, 0.24481959640979767]
8
[0.760055661201477, -0.2939528226852417, 0.4718371331691742, -0.33656632900238037]
9
[0.8917145729064941, 0.10828553885221481, 0.3106849193572998, -0.3107961416244507]
10
[0.8891159892082214, -0.11084887385368347, -0.3097798824310303, 0.31815361976623535]
]
26[
0
[0.9996272921562195, 0.027301691472530365, -1.0794980956035889e-16, 1.1401201112896811e-16]
1
[7.549790126404332e-08, 5.165484315646949e-15, 1.0, 6.705522537231445e-08]
2
[0.3229781985282898, -0.6022415161132812, -0.327555388212204, -0.65245521068573]
3
[0.5222970247268677, -0.007690703496336937, 0.4802101254463196, -0.7046594023704529]
4
[0.6386880874633789, -0.579095721244812, 0.3583693206310272, 0.35818585753440857]
5
[0.4528578519821167, -0.42015954852104187, -0.20981919765472412, 0.7578665018081665]
6
[0.017664680257439613, -0.0001889714621938765, 0.01068892702460289, 0.9997867941856384]
7
[0.8530371189117432, 0.33669331669807434, -0.3432052433490753, 0.20291754603385925]
8
[0.7003803849220276, -0.34827741980552673, 0.523813784122467, -0.3373267650604248]
9
[0.8917145729064941, 0.10828553885221481, 0.3106849193572998, -0.3107961416244507]
10
[0.8891159892082214, -0.11084889620542526, -0.30977991223335266, 0.31815361976623535]
]
27[
0
[0.999358057975769, 0.035826053470373154, -1.069735246793095e-16, 1.1492851401278707e-16]
1
[7.549790126404332e-08, 4.944324860151799e-15, 1.0, 6.705523247774181e-08]
2
[0.31179356575012207, -0.5994657874107361, -0.30918651819229126, -0.6692005395889282]
3
[0.4776031970977783, 0.060070544481277466, 0.4247492253780365, -0.7667299509048462]
4
[0.6476621627807617, -0.5796056985855103, 0.3466976583003998, 0.35269203782081604]
5
[0.4326325058937073, -0.4145857095718384, -0.18912605941295624, 0.7779325842857361]
6
[0.017666080966591835, -0.00022951966093387455, 0.012984156608581543, 0.9997596144676208]
7
[0.833044171333313, 0.39674949645996094, -0.350904643535614, 0.15966598689556122]
8
[0.6404745578765869, -0.39087095856666565, 0.5695145130157471, -0.3356567621231079]
9
[0.8917145729064941, 0.10828555375337601, 0.3106849193572998, -0.3107961416244507]
10
[0.8891159892082214, -0.11084889620542526, -0.30977991223335266, 0.31815361976623535]
]
28[
0
[0.9990127682685852, 0.04442433640360832, -1.0598059030689065e-16, 1.158447786685896e-16]
1
[7.549790126404332e-08, 5.167245297144291e-15, 1.0, 6.705522537231445e-08]
2
[0.30332282185554504, -0.5954471826553345, -0.2903403341770172, -0.6849383115768433]
3
[0.4398133158683777, 0.10705211758613586, 0.3795752227306366, -0.8068622350692749]
4
[0.6546648740768433, -0.5793088674545288, 0.3384358882904053, 0.34824758768081665]
5
[0.4196535646915436, -0.40321260690689087, -0.16604280471801758, 0.796078085899353]
6
[0.017665736377239227, -0.00026047404389828444, 0.01473888661712408, 0.9997353553771973]
7
[0.8076404929161072, 0.4545229375362396, -0.35657843947410583, 0.11822772026062012]
8
[0.5890229940414429, -0.4175266623497009, 0.6065159440040588, -0.3329593539237976]
9
[0.8917145729064941, 0.10828552395105362, 0.3106848895549774, -0.31079617142677307]
10
[0.8891159892082214, -0.11084889620542526, -0.30977991223335266, 0.31815361976623535]
]
29[
0
[0.9986088275909424, 0.05272957682609558, -1.0501368234526516e-16, 1.1672200039947964e-16]
1
[7.549790126404332e-08, 4.501940727624559e-15, 1.0, 6.705522537231445e-08]
2
[0.2978740632534027, -0.5905331969261169, -0.27144110202789307, -0.6991861462593079]
3
[0.41415101289749146, 0.1320773959159851, 0.3497380018234253, -0.829890251159668]
4
[0.6594811677932739, -0.5783510208129883, 0.3340928852558136, 0.34492990374565125]
5
[0.41517186164855957, -0.38561972975730896, -0.14043375849723816, 0.8119163513183594]
6
[0.017664389684796333, -0.0002794858010020107, 0.015818046405911446, 0.9997188448905945]
7
[0.7783640623092651, 0.5078458786010742, -0.3601533770561218, 0.08081777393817902]
8
[0.5516857504844666, -0.4277045726776123, 0.6350703835487366, -0.33075273036956787]
9
[0.8917145729064941, 0.10828553885221481, 0.3106849193572998, -0.3107961416244507]
10
[0.8891159892082214, -0.11084888875484467, -0.30977991223335266, 0.3181536793708801]
]
30[
0
[0.9981677532196045, 0.06050780415534973, -1.0410114331094156e-16, 1.0410115654583136e-16]
1
[7.549790126404332e-08, 5.384175093617327e-15, 1.0, 6.705523247774181e-08]
2
[0.29544204473495483, -0.5850337147712708, -0.2527885437011719, -0.7117214798927307]
3
[0.4022182822227478, 0.13661718368530273, 0.3364039361476898, -0.8404693603515625]
4
[0.662112832069397, -0.5768738389015198, 0.3337315320968628, 0.3427046537399292]
5
[0.4194202125072479, -0.3616507649421692, -0.11220158636569977, 0.8250492811203003]
6
[0.017664499580860138, -0.0002858671359717846, 0.016176607459783554, 0.9997130632400513]
7
[0.7467495203018188, 0.5559226274490356, -0.3618793189525604, 0.048564765602350235]
8
[0.5306181907653809, -0.4226442575454712, 0.6564404368400574, -0.3300030529499054]
9
[0.8917146921157837, 0.10828553140163422, 0.31068485975265503, -0.31079620122909546]
10
[0.8891159892082214, -0.11084888130426407, -0.30977991223335266, 0.31815361976623535]
]
31[
0
[0.9974790215492249, 0.06986713409423828, 0.012139195576310158, -0.0026325725484639406]
1
[7.514609023928642e-08, -1.1641532182693481e-10, 1.0, 6.733534974046052e-08]
2
[0.302177757024765, -0.5800953507423401, -0.22680793702602386, -0.7216205596923828]
3
[0.42382127046585083, 0.09597434848546982, 0.33364179730415344, -0.8365690112113953]
4
[0.6627005338668823, -0.5700808763504028, 0.343426913022995, 0.3433566689491272]
5
[0.4397825300693512, -0.29048192501068115, -0.04169430211186409, 0.8488068580627441]
6
[0.017664499580860138, -0.0002858671359717846, 0.016176607459783554, 0.9997130632400513]
7
[0.7031480073928833, 0.6117289662361145, -0.3621598184108734, 0.01451985165476799]
8
[0.5367724299430847, -0.38155853748321533, 0.6765099763870239, -0.32957959175109863]
9
[0.8917146921157837, 0.10828553140163422, 0.31068485975265503, -0.31079620122909546]
10
[0.8891159892082214, -0.11084888130426407, -0.30977991223335266, 0.31815361976623535]
]
32[
0
[0.9954925775527954, 0.08210291713476181, 0.04639413580298424, -0.010062494315207005]
1
[7.334165275096893e-08, 2.3283064365386963e-10, 1.0, 6.472691893577576e-08]
2
[0.3227364718914032, -0.5763664245605469, -0.188157320022583, -0.7268010973930359]
3
[0.4914693832397461, -0.013189573772251606, 0.3318890929222107, -0.8050673604011536]
4
[0.6609975695610046, -0.5537951588630676, 0.36760321259498596, 0.34822553396224976]
5
[0.4691414535045624, -0.11836052685976028, 0.11460918933153152, 0.8676185607910156]
6
[0.017664499580860138, -0.0002858671359717846, 0.016176607459783554, 0.9997130632400513]
7
[0.6376010775566101, 0.6808409094810486, -0.35950252413749695, -0.026048626750707626]
8
[0.5751080513000488, -0.28435981273651123, 0.6944668889045715, -0.32573914527893066]
9
[0.8917146921157837, 0.10828553140163422, 0.31068485975265503, -0.31079620122909546]
10
[0.8891159892082214, -0.11084888130426407, -0.30977991223335266, 0.31815361976623535]
]
33[
0
[0.9912570118904114, 0.0941367968916893, 0.09035365283489227, -0.01959715411067009]
1
[7.485505193471909e-08, -9.313225191043273e-10, 1.0, 6.984919309616089e-08]
2
[0.34905439615249634, -0.5732397437095642, -0.14687605202198029, -0.7266255617141724]
3
[0.5696696639060974, -0.15342168509960175, 0.3233235478401184, -0.7398649454116821]
4
[0.6572589874267578, -0.5329944491386414, 0.3974849283695221, 0.35487082600593567]
5
[0.4695940613746643, 0.10762861371040344, 0.3009835481643677, 0.822986364364624]
6
[0.017664499580860138, -0.0002858671359717846, 0.016176607459783554, 0.9997130632400513]
7
[0.5641268491744995, 0.7435924410820007, -0.3531607985496521, -0.06409936398267746]
8
[0.6224225759506226, -0.1586458534002304, 0.698438823223114, -0.3156023621559143]
9
[0.8917146921157837, 0.10828553140163422, 0.31068485975265503, -0.31079620122909546]
10
[0.8891159892082214, -0.11084888130426407, -0.30977991223335266, 0.31815361976623535]
]
34[
0
[0.9865782856941223, 0.10225474834442139, 0.12441612035036087, -0.026983171701431274]
1
[8.638016879558563e-08, -3.725290076417309e-09, 1.0, 7.217749953269958e-08]
2
[0.3692338764667511, -0.5709215998649597, -0.11729638278484344, -0.7238484025001526]
3
[0.6187641620635986, -0.256742924451828, 0.31089308857917786, -0.6742103695869446]
4
[0.6535065174102783, -0.5165619254112244, 0.42013952136039734, 0.3599664568901062]
5
[0.4447561204433441, 0.2635612487792969, 0.41795265674591064, 0.747022807598114]
6
[0.017664499580860138, -0.0002858671359717846, 0.016176607459783554, 0.9997130632400513]
7
[0.5096176862716675, 0.7824415564537048, -0.3466418981552124, -0.08896241337060928]
8
[0.6536255478858948, -0.06073073297739029, 0.690432608127594, -0.30395448207855225]
9
[0.8917146921157837, 0.10828553140163422, 0.31068485975265503, -0.31079620122909546]
10
[0.8891159892082214, -0.11084888130426407, -0.30977991223335266, 0.31815361976623535]
]
35[
0
[0.9846319556236267, 0.10491208732128143, 0.13644759356975555, -0.029591169208288193]
1
[7.497146725654602e-08, -9.313224635931761e-10, 1.0, 6.891787052154541e-08]
2
[0.3763224482536316, -0.5701051354408264, -0.1072462797164917, -0.7223987579345703]
3
[0.6333376169204712, -0.2911863923072815, 0.3054315745830536, -0.6486953496932983]
4
[0.6520106792449951, -0.5106784701347351, 0.4280520975589752, 0.36174720525741577]
5
[0.43244823813438416, 0.31157249212265015, 0.45187556743621826, 0.7153458595275879]
6
[0.017664499580860138, -0.0002858671359717846, 0.016176607459783554, 0.9997130632400513]
7
[0.49086514115333557, 0.7945143580436707, -0.3440946638584137, -0.0969393327832222]
8
[0.6632974147796631, -0.026467254385352135, 0.6854616403579712, -0.29912933707237244]
9
[0.8917146921157837, 0.10828553140163422, 0.31068485975265503, -0.31079620122909546]
10
[0.8891159892082214, -0.11084888130426407, -0.30977991223335266, 0.31815361976623535]
]
