19
51
0[
[0.0, 0.0, 0.0]
0
[1.0, 3.77489612901627e-08, -1.1102228261018095e-16, 1.1102232893229526e-16]
1
[7.549789415861596e-08, 1.0571471778205496e-14, 1.0, 1.4002338843965845e-07]
2
[1.1812641105279909e-06, -0.0004159712407272309, 0.9999999403953552, -3.445626134634949e-05]
3
[0.6702657341957092, -0.16211718320846558, 0.007526155095547438, 0.7241583466529846]
4
[0.6995367407798767, 0.0035678010899573565, 0.7145792245864868, -0.0034926943480968475]
5
[0.6995354294776917, -0.0038258875720202923, -0.7145779728889465, 0.0037453221157193184]
6
[0.9999988675117493, -0.00010436275624670088, 5.424961457833888e-08, -0.0015709635335952044]
7
[0.707065999507904, 0.0027407053858041763, -0.002749479841440916, -0.7071369886398315]
8
[0.6995367407798767, 0.0035678036510944366, -0.7145792245864868, 0.0034926929511129856]
9
[0.6995354294776917, -0.0038258791901171207, 0.7145779728889465, -0.0037453302647918463]
10
[0.9999999403953552, 4.3963126472590375e-09, -5.774074196551737e-08, 0.0003612651489675045]
11
[-5.011832401496242e-21, -1.5099580252808664e-07, 1.6543612251060553e-23, 1.0]
12
[0.7058254480361938, 0.0055432310327887535, 0.01588011346757412, 0.7081860899925232]
13
[0.6846551299095154, -0.16287414729595184, -0.2964862287044525, -0.645612359046936]
14
[0.9450990557670593, 0.0019444002537056804, 0.3267643451690674, -0.0030280922073870897]
15
[0.027437904849648476, -0.05053761228919029, -0.6496672630310059, 0.7580406069755554]
16
[0.6402570009231567, 0.22835436463356018, 0.23829270899295807, -0.6936438679695129]
17
[0.9440970420837402, 0.00039380614180117846, -0.32964959740638733, 0.003459071973338723]
18
[0.030935470014810562, -0.0090243611484766, 0.7244197726249695, -0.688605546951294]
]
1[
[-0.00012670164869632572, -0.0012280313530936837, 0.0007797023863531649]
0
[1.0, -4.5984848838998005e-05, -1.1102738466019918e-16, 1.1101721364738723e-16]
1
[7.549789415861596e-08, 1.0571399780404979e-14, 1.0, 1.4002219472786237e-07]
2
[1.1812641105279909e-06, -0.0004159712407272309, 0.9999999403953552, -3.44562649843283e-05]
3
[0.6702657341957092, -0.16211718320846558, 0.007526155095547438, 0.7241583466529846]
4
[0.6995367407798767, 0.003567809471860528, 0.7145792841911316, -0.0034926922526210546]
5
[0.6995353698730469, -0.003825887804850936, -0.7145779728889465, 0.0037453209515661]
6
[0.9999988675117493, -0.00010436508455313742, 4.633336914139363e-08, -0.0015709681902080774]
7
[0.707065999507904, 0.0027407053858041763, -0.002749479841440916, -0.7071369886398315]
8
[0.6995367407798767, 0.0035678036510944366, -0.7145792245864868, 0.003492692718282342]
9
[0.6995354294776917, -0.0038258784916251898, 0.7145779728889465, -0.0037453293334692717]
10
[0.9999999403953552, 4.374601569878678e-09, -5.7738805736562426e-08, 0.00036126511986367404]
11
[6.940532330190763e-06, -0.0001620566181372851, -3.694841143442318e-05, 1.0]
12
[0.7058254480361938, 0.0055432310327887535, 0.01588011346757412, 0.7081860899925232]
13
[0.6847953200340271, -0.16281625628471375, -0.2963893413543701, -0.6455227732658386]
14
[0.9451035857200623, 0.0019620012026280165, 0.32675084471702576, -0.003045514691621065]
15
[0.027589663863182068, -0.05058437958359718, -0.6497049331665039, 0.7579996585845947]
16
[0.6402027606964111, 0.2283569574356079, 0.23845379054546356, -0.6936377882957458]
17
[0.9440968632698059, 0.00039335177280008793, -0.32964980602264404, 0.003458224004134536]
18
[0.031136635690927505, -0.008821752853691578, 0.7244940400123596, -0.6885210275650024]
]
2[
[-0.0005083845462650061, -0.004927419126033783, 0.0031285195145756006]
0
[1.0, -0.0001846264785854146, -1.1104279007192737e-16, 1.1100181485310394e-16]
1
[7.549789415861596e-08, 1.0571384533811928e-14, 1.0, 1.4001855674905528e-07]
2
[1.1812642242148286e-06, -0.0004159713280387223, 1.0, -3.445627953624353e-05]
3
[0.6702657341957092, -0.16211718320846558, 0.007526155095547438, 0.7241583466529846]
4
[0.6995366811752319, 0.0035678024869412184, 0.7145792841911316, -0.0034926999360322952]
5
[0.6995353698730469, -0.003825877793133259, -0.7145779728889465, 0.0037453335244208574]
6
[0.9999988675117493, -0.00010437206947244704, 5.8673411018617116e-08, -0.001570964464917779]
7
[0.707065999507904, 0.00274070561863482, -0.002749479841440916, -0.7071369886398315]
8
[0.6995367407798767, 0.0035678036510944366, -0.7145792245864868, 0.003492692019790411]
9
[0.6995354294776917, -0.003825878957286477, 0.7145779728889465, -0.0037453293334692717]
10
[0.9999999403953552, 4.283879473376828e-09, -5.7744731662978666e-08, 0.0003612651489675045]
11
[2.7849899197462946e-05, -0.0006498207803815603, -0.00014826084952801466, 0.9999998807907104]
12
[0.7058254480361938, 0.005543230567127466, 0.01588011346757412, 0.7081860899925232]
13
[0.6852179765701294, -0.16264183819293976, -0.29609599709510803, -0.6452528238296509]
14
[0.9451174139976501, 0.0020153094083070755, 0.326710045337677, -0.0030977879650890827]
15
[0.028046932071447372, -0.05072174593806267, -0.6498192548751831, 0.7578758001327515]
16
[0.6400383114814758, 0.22836467623710632, 0.2389388233423233, -0.6936200857162476]
17
[0.9440966844558716, 0.0003919613373000175, -0.3296504318714142, 0.0034556793980300426]
18
[0.03174059838056564, -0.008209326304495335, 0.7247179746627808, -0.688265323638916]
]
3[
[-0.0011470175813883543, -0.011117247864603996, 0.007058568298816681]
0
[1.0, -0.0004166043654549867, -1.1106854516747982e-16, 1.1097607299244129e-16]
1
[7.549789415861596e-08, 1.0571358275790563e-14, 1.0, 1.4001855674905528e-07]
2
[1.1812642242148286e-06, -0.0004159713280387223, 1.0, -3.44562649843283e-05]
3
[0.6702657341957092, -0.16211718320846558, 0.00752614950761199, 0.7241583466529846]
4
[0.6995367407798767, 0.003567812265828252, 0.7145792841911316, -0.0034926882945001125]
5
[0.6995353698730469, -0.0038258812855929136, -0.7145779728889465, 0.003745325841009617]
6
[0.9999988675117493, -0.0001043646116158925, 5.098996780361631e-08, -0.0015709607396274805]
7
[0.707065999507904, 0.0027407053858041763, -0.002749479841440916, -0.7071369886398315]
8
[0.6995367407798767, 0.0035678036510944366, -0.7145792245864868, 0.0034926922526210546]
9
[0.6995354294776917, -0.0038258791901171207, 0.7145779728889465, -0.0037453302647918463]
10
[0.9999999403953552, 4.383335028279589e-09, -5.7722548518768235e-08, 0.0003612651489675045]
11
[6.283992843236774e-05, -0.0014660523738712072, -0.0003345327277202159, 0.9999988675117493]
12
[0.7058255076408386, 0.005543229635804892, 0.01588011533021927, 0.7081860899925232]
13
[0.685926616191864, -0.16234949231147766, -0.2956005334854126, -0.6448005437850952]
14
[0.9451406002044678, 0.0021055114921182394, 0.32664164900779724, -0.0031846233177930117]
15
[0.028809910640120506, -0.0509549044072628, -0.6500117778778076, 0.7576664686203003]
16
[0.6167420744895935, 0.22503399848937988, 0.24227803945541382, -0.7143460512161255]
17
[0.9423308372497559, 0.007960086688399315, -0.3290504515171051, 0.06062183529138565]
18
[0.016475168988108635, 0.009574534371495247, 0.7168101072311401, -0.6970080733299255]
]
4[
[-0.0020439745858311653, -0.019810831174254417, 0.012578303925693035]
0
[0.9999997615814209, -0.0007424207869917154, -1.1110467641663613e-16, 1.1093986233394617e-16]
1
[7.549789415861596e-08, 1.0574792147358732e-14, 1.0, 1.4007675019911403e-07]
2
[1.1812642242148286e-06, -0.0004159713280387223, 1.0, -3.445623588049784e-05]
3
[0.6702657341957092, -0.16211718320846558, 0.007526155095547438, 0.7241583466529846]
4
[0.6995366811752319, 0.0035678057465702295, 0.7145792841911316, -0.0034926910884678364]
5
[0.6995353698730469, -0.0038258791901171207, -0.7145779728889465, 0.003745326539501548]
6
[0.9999988675117493, -0.00010436833690619096, 5.494809940387313e-08, -0.0015709626022726297]
7
[0.7070659399032593, 0.00274070561863482, -0.0027494796086102724, -0.7071369886398315]
8
[0.6995366811752319, 0.003567804116755724, -0.7145792841911316, 0.0034926917869597673]
9
[0.6995354294776917, -0.003825877793133259, 0.7145779728889465, -0.0037453295662999153]
10
[0.9999999403953552, 4.2713854675469065e-09, -5.769139832523251e-08, 0.0003612651489675045]
11
[0.00011199245636817068, -0.0026126611046493053, -0.0005961997667327523, 0.9999964237213135]
12
[0.7058255076408386, 0.005543231964111328, 0.01588011533021927, 0.7081860899925232]
13
[0.6867527365684509, -0.1618010401725769, -0.29499077796936035, -0.644338071346283]
14
[0.945175051689148, 0.001927924808114767, 0.3265461027622223, -0.0028520231135189533]
15
[0.03000485897064209, -0.05138077586889267, -0.6504303812980652, 0.7572318315505981]
16
[0.6013132333755493, 0.22236624360084534, 0.24533207714557648, -0.7271780371665955]
17
[0.9395474195480347, 0.013807649724185467, -0.3280947804450989, 0.09702511131763458]
18
[0.007669452112168074, 0.021576493978500366, 0.7114421725273132, -0.7023714780807495]
]
5[
[-0.003199951723217964, -0.03101491555571556, 0.019692007452249527]
0
[0.9999993443489075, -0.0011623334139585495, -1.1115126322873512e-16, 1.1089319611250838e-16]
1
[7.549789415861596e-08, 1.0574744713513686e-14, 1.0, 1.400476463686573e-07]
2
[1.1812642242148286e-06, -0.0004159713280387223, 1.0, -3.4456294088158756e-05]
3
[0.6702657341957092, -0.16211718320846558, 0.007526160683482885, 0.7241583466529846]
4
[0.6995367407798767, 0.003567806212231517, 0.7145792245864868, -0.0034926969092339277]
5
[0.6995353698730469, -0.0038258819840848446, -0.7145779728889465, 0.0037453232798725367]
6
[0.9999988675117493, -0.00010436927550472319, 6.170020583340374e-08, -0.0015709635335952044]
7
[0.7070659399032593, 0.00274070561863482, -0.0027494796086102724, -0.7071369886398315]
8
[0.6995367407798767, 0.0035678045824170113, -0.7145792841911316, 0.0034926924854516983]
9
[0.6995353698730469, -0.0038258773274719715, 0.7145779728889465, -0.003745329100638628]
10
[0.9999999403953552, 4.508045936546523e-09, -5.7695476840535775e-08, 0.0003612651489675045]
11
[0.00017535468214191496, -0.004090744536370039, -0.0009335127542726696, 0.9999911785125732]
12
[0.7058254480361938, 0.005543230567127466, 0.01588011533021927, 0.7081860899925232]
13
[0.710594654083252, -0.17988276481628418, -0.2806646227836609, -0.6196167469024658]
14
[0.9423803091049194, 0.04407837614417076, 0.3254382908344269, -0.06376934051513672]
15
[0.014767787419259548, -0.03961323946714401, -0.6308084726333618, 0.7747860550880432]
16
[0.5871129035949707, 0.22002090513706207, 0.24814239144325256, -0.738454282283783]
17
[0.9359703660011292, 0.01839555986225605, -0.32684898376464844, 0.1295795440673828]
18
[0.00029179692501202226, 0.03292657434940338, 0.7068008780479431, -0.7066458463668823]
]
6[
[-0.0046148765832185745, -0.044728804379701614, 0.028399238362908363]
0
[0.9999986886978149, -0.0016763212624937296, -1.1120826589910738e-16, 1.1083607432812792e-16]
1
[7.549789415861596e-08, 1.0560810174498406e-14, 1.0, 1.400476463686573e-07]
2
[1.1812642242148286e-06, -0.0004159713280387223, 1.0, -3.445623588049784e-05]
3
[0.6702657341957092, -0.16211718320846558, 0.007526171859353781, 0.7241583466529846]
4
[0.6995367407798767, 0.0035678022541105747, 0.7145792841911316, -0.0034926990047097206]
5
[0.6995353698730469, -0.0038258784916251898, -0.7145779728889465, 0.003745319787412882]
6
[0.9999988675117493, -0.00010437391756568104, 5.471526876021926e-08, -0.0015709680737927556]
7
[0.707065999507904, 0.00274070561863482, -0.002749479841440916, -0.7071369886398315]
8
[0.6995367407798767, 0.003567803418263793, -0.7145792245864868, 0.003492692718282342]
9
[0.6995354294776917, -0.0038258791901171207, 0.7145779728889465, -0.003745329799130559]
10
[0.9999999403953552, 4.267726172457742e-09, -5.7752462367943735e-08, 0.00036126511986367404]
11
[0.0002529339399188757, -0.0059004793874919415, -0.0013465113006532192, 0.9999816417694092]
12
[0.7058254480361938, 0.005543231964111328, 0.01588010974228382, 0.7081860899925232]
13
[0.725976824760437, -0.19043944776058197, -0.27091771364212036, -0.6027388572692871]
14
[0.9379698634147644, 0.0701388269662857, 0.32369595766067505, -0.1025378480553627]
15
[0.00562996044754982, -0.03245919197797775, -0.6184998154640198, 0.7850940823554993]
16
[0.5732108950614929, 0.2176484614610672, 0.25111818313598633, -0.7489980459213257]
17
[0.931597888469696, 0.02268712967634201, -0.3253255784511566, 0.16054333746433258]
18
[0.006186484359204769, -0.04423636570572853, -0.7023633122444153, 0.7104158401489258]
]
7[
[-0.006287815980613232, -0.06094345077872276, 0.03869424760341644]
0
[0.9999973773956299, -0.0022840516176074743, -1.112755785486345e-16, 1.1076845065869048e-16]
1
[7.549789415861596e-08, 1.057462019967044e-14, 1.0, 1.3993124525768508e-07]
2
[1.1812642242148286e-06, -0.0004159713280387223, 1.0, -3.44564687111415e-05]
3
[0.6702657341957092, -0.16211718320846558, 0.007526143454015255, 0.7241582870483398]
4
[0.6995367407798767, 0.003567800158634782, 0.7145792841911316, -0.003492699470371008]
5
[0.6995354294776917, -0.0038258854765444994, -0.7145779132843018, 0.003745323047041893]
6
[0.9999988675117493, -0.00010437393211759627, 5.145565040720612e-08, -0.0015709626022726297]
7
[0.707065999507904, 0.0027407053858041763, -0.002749479841440916, -0.7071369886398315]
8
[0.6995367407798767, 0.0035678036510944366, -0.7145792245864868, 0.0034926929511129856]
9
[0.6995354294776917, -0.0038258791901171207, 0.7145779728889465, -0.003745329799130559]
10
[0.9999999403953552, 4.478515780448333e-09, -5.77539260859794e-08, 0.00036126511986367404]
11
[0.0003446918271947652, -0.008040967397391796, -0.0018349910387769341, 0.999966025352478]
12
[0.7058254480361938, 0.005543231964111328, 0.01588011533021927, 0.7081860899925232]
13
[0.7383284568786621, -0.19981852173805237, -0.2615480124950409, -0.5886734127998352]
14
[0.932748019695282, 0.09399136155843735, 0.3216826915740967, -0.13291749358177185]
15
[-0.0005240513710305095, -0.027418799698352814, -0.6076925992965698, 0.7936987280845642]
16
[0.5593256950378418, 0.21518665552139282, 0.2542945444583893, -0.7590677738189697]
17
[0.9264387488365173, 0.026783373206853867, -0.32352814078330994, 0.1905873417854309]
18
[0.011941448785364628, -0.05569721385836601, -0.698028028011322, 0.7138011455535889]
]
8[
[-0.00821688212454319, -0.07964054495096207, 0.05056541785597801]
0
[0.9999956488609314, -0.0029848467092961073, -1.1135318794242667e-16, 1.1069045745309408e-16]
1
[7.549789415861596e-08, 1.0574542272639292e-14, 1.0, 1.3993124525768508e-07]
2
[1.1812642242148286e-06, -0.0004159713280387223, 1.0, -3.44564687111415e-05]
3
[0.6702657341957092, -0.16211718320846558, 0.007526166271418333, 0.7241583466529846]
4
[0.6995367407798767, 0.003567806910723448, 0.7145792841911316, -0.0034926976077258587]
5
[0.6995353698730469, -0.0038258861750364304, -0.7145779728889465, 0.0037453295662999153]
6
[0.9999988675117493, -0.00010436741285957396, 5.820773907316834e-08, -0.0015709616709500551]
7
[0.707065999507904, 0.0027407053858041763, -0.002749479841440916, -0.7071369886398315]
8
[0.6995367407798767, 0.0035678036510944366, -0.7145792245864868, 0.003492692019790411]
9
[0.6995353698730469, -0.0038258787244558334, 0.7145779728889465, -0.003745329100638628]
10
[0.9999999403953552, 4.537675568627719e-09, -5.798287716629602e-08, 0.00036126511986367404]
11
[0.00045053946087136865, -0.01051013357937336, -0.0023984783329069614, 0.999941885471344]
12
[0.7058254480361938, 0.005543230567127466, 0.01588011160492897, 0.7081860899925232]
13
[0.7493729591369629, -0.20870789885520935, -0.25197866559028625, -0.5756629705429077]
14
[0.9267351031303406, 0.11728135496377945, 0.3193712830543518, -0.15940310060977936]
15
[-0.00516785541549325, -0.02354785054922104, -0.5974555611610413, 0.8015395998954773]
16
[0.5453659892082214, 0.2126079946756363, 0.25767430663108826, -0.768750786781311]
17
[0.920520007610321, 0.030701057985424995, -0.32146593928337097, 0.21990960836410522]
18
[0.017035432159900665, -0.06735678762197495, -0.6937430500984192, 0.7168636322021484]
]
9[
[-0.010399132035672665, -0.10079158842563629, 0.06399465352296829]
0
[0.9999929666519165, -0.003777645295485854, -1.114409087920267e-16, 1.1060214103345302e-16]
1
[7.549789415861596e-08, 1.057445333417983e-14, 1.0, 1.3993124525768508e-07]
2
[1.1812642242148286e-06, -0.0004159713280387223, 1.0, -3.445635229581967e-05]
3
[0.6702657341957092, -0.16211716830730438, 0.007526149041950703, 0.7241582870483398]
4
[0.6995367407798767, 0.003567806212231517, 0.7145792245864868, -0.0034926882945001125]
5
[0.6995354294776917, -0.0038258875720202923, -0.7145779728889465, 0.003745325841009617]
6
[0.9999988675117493, -0.00010437765740789473, 5.564660909840313e-08, -0.0015709653962403536]
7
[0.7070659399032593, 0.00274070561863482, -0.0027494800742715597, -0.7071369886398315]
8
[0.6995367407798767, 0.0035678043495863676, -0.7145792245864868, 0.0034926922526210546]
9
[0.6995354294776917, -0.003825878957286477, 0.7145779728889465, -0.0037453302647918463]
10
[0.9999999403953552, 4.414694831922361e-09, -5.7635233474684355e-08, 0.00036126511986367404]
11
[0.0005703304195776582, -0.013304565101861954, -0.003036194248124957, 0.9999067187309265]
12
[0.7058255076408386, 0.0055432310327887535, 0.01588011533021927, 0.7081860899925232]
13
[0.7595796585083008, -0.21741239726543427, -0.2419760823249817, -0.5632213354110718]
14
[0.9199463725090027, 0.1406911015510559, 0.3167632222175598, -0.18320956826210022]
15
[-0.008679438382387161, -0.02061651647090912, -0.5874672532081604, 0.80893874168396]
16
[0.5312014222145081, 0.20987668633460999, 0.2612573504447937, -0.7781526446342468]
17
[0.9138255715370178, 0.03446532040834427, -0.31913357973098755, 0.24877449870109558]
18
[0.021516967564821243, -0.07928315550088882, -0.6894757747650146, 0.7196348905563354]
]
10[
[-0.012830477207899094, -0.1243569403886795, 0.07895677536725998]
0
[0.9999891519546509, -0.0046609677374362946, -1.1153854257408755e-16, 1.105036337486653e-16]
1
[7.549789415861596e-08, 1.0574354231325002e-14, 1.0, 1.4016407590133895e-07]
2
[1.181264451588504e-06, -0.0004159713280387223, 1.0, -3.4456585126463324e-05]
3
[0.6702657341957092, -0.16211719810962677, 0.007526149041950703, 0.7241582870483398]
4
[0.6995367407798767, 0.0035678099375218153, 0.7145792841911316, -0.0034926936496049166]
5
[0.6995353698730469, -0.003825882449746132, -0.7145779728889465, 0.003745320485904813]
6
[0.9999988675117493, -0.00010436648153699934, 6.100170679701478e-08, -0.0015709607396274805]
7
[0.707065999507904, 0.00274070561863482, -0.0027494800742715597, -0.7071369886398315]
8
[0.6995367407798767, 0.0035678036510944366, -0.7145792245864868, 0.0034926922526210546]
9
[0.6995354294776917, -0.0038258784916251898, 0.7145779728889465, -0.0037453302647918463]
10
[0.9999999403953552, 4.379395068809799e-09, -5.7870256142678045e-08, 0.00036126511986367404]
11
[0.0007038558833301067, -0.016419382765889168, -0.00374702550470829, 0.9998579621315002]
12
[0.7058255076408386, 0.0055432310327887535, 0.015880117192864418, 0.7081860899925232]
13
[0.769239068031311, -0.22590447962284088, -0.23158124089241028, -0.5510068535804749]
14
[0.9124107360839844, 0.1641053706407547, 0.31384050846099854, -0.20513464510440826]
15
[0.011352239176630974, 0.01839694194495678, 0.5777245163917542, -0.8159455060958862]
16
[0.5167667269706726, 0.20696699619293213, 0.26503416895866394, -0.787320613861084]
17
[0.906351625919342, 0.0380779430270195, -0.31652939319610596, 0.2772831320762634]
18
[0.025424309074878693, -0.09149310737848282, -0.6851953864097595, 0.7221425771713257]
]
11[
[-0.015505590476095676, -0.15028494596481323, 0.0954190045595169]
0
[0.9999841451644897, -0.005632887594401836, -1.1164590400015203e-16, 1.1039518044419225e-16]
1
[7.549789415861596e-08, 1.0602001386723382e-14, 1.0, 1.4039690654499282e-07]
2
[1.1812645652753417e-06, -0.0004159713280387223, 1.0, -3.445588663453236e-05]
3
[0.6702657341957092, -0.16211718320846558, 0.007526155095547438, 0.7241583466529846]
4
[0.6995367407798767, 0.003567809471860528, 0.7145792841911316, -0.0034926896914839745]
5
[0.6995353698730469, -0.003825897118076682, -0.7145779728889465, 0.003745314897969365]
6
[0.9999988675117493, -0.0001043706652126275, 6.146736808432252e-08, -0.0015709635335952044]
7
[0.7070659399032593, 0.0027407058514654636, -0.0027494793757796288, -0.7071369886398315]
8
[0.6995367407798767, 0.0035678036510944366, -0.7145792245864868, 0.003492692718282342]
9
[0.6995353698730469, -0.0038258784916251898, 0.7145779728889465, -0.0037453293334692717]
10
[0.9999999403953552, 4.422394006553532e-09, -5.786943546581824e-08, 0.0003612651489675045]
11
[0.0008508372702635825, -0.01984809897840023, -0.004529490601271391, 0.9997923970222473]
12
[0.7058254480361938, 0.005543230567127466, 0.01588011346757412, 0.7081860899925232]
13
[0.7784008383750916, -0.23431600630283356, -0.22069020569324493, -0.5389657616615295]
14
[0.9041500687599182, 0.18780259788036346, 0.3106267750263214, -0.22528626024723053]
15
[0.013234410434961319, 0.016914546489715576, 0.5681225061416626, -0.8226636648178101]
16
[0.5021498203277588, 0.20388263463974, 0.26898297667503357, -0.7961944937705994]
17
[0.8981809020042419, 0.04149575158953667, -0.3136823773384094, 0.3052089512348175]
18
[0.028689270839095116, -0.10390498489141464, -0.6809453368186951, 0.7243577837944031]
]
12[
[-0.018417809158563614, -0.17851108312606812, 0.1133403480052948]
0
[0.999977707862854, -0.006690989714115858, -1.1176266219797512e-16, 1.1027699949571558e-16]
1
[7.549789415861596e-08, 1.0546370803846562e-14, 1.0, 1.3993124525768508e-07]
2
[1.1812642242148286e-06, -0.0004159712407272309, 0.9999999403953552, -3.4455882996553555e-05]
3
[0.6702657341957092, -0.16211718320846558, 0.007526166271418333, 0.7241583466529846]
4
[0.6995367407798767, 0.0035677964333444834, 0.7145792245864868, -0.0034926803782582283]
5
[0.6995353698730469, -0.0038258845452219248, -0.7145779728889465, 0.0037453279364854097]
6
[0.9999988675117493, -0.00010436880984343588, 6.658966356098972e-08, -0.0015709607396274805]
7
[0.707065999507904, 0.00274070561863482, -0.0027494796086102724, -0.7071369886398315]
8
[0.6995367407798767, 0.0035678043495863676, -0.7145792841911316, 0.003492692019790411]
9
[0.6995354294776917, -0.003825878957286477, 0.7145779728889465, -0.0037453295662999153]
10
[0.9999999403953552, 4.476208292913952e-09, -5.8101694122569825e-08, 0.0003612651489675045]
11
[0.0010109228314831853, -0.023582501336932182, -0.005381717812269926, 0.9997069835662842]
12
[0.7058254480361938, 0.005543235689401627, 0.01588011160492897, 0.7081860899925232]
13
[0.7870571613311768, -0.2427295744419098, -0.20923538506031036, -0.5271090865135193]
14
[0.8952040076255798, 0.21194487810134888, 0.3071482181549072, -0.24361681938171387]
15
[0.014316415414214134, 0.016220757737755775, 0.5586527585983276, -0.8291193842887878]
16
[0.48733460903167725, 0.2006089836359024, 0.27308622002601624, -0.8047887682914734]
17
[0.8893458843231201, 0.04470816254615784, -0.31060364842414856, 0.3325516879558563]
18
[0.03130805864930153, -0.11649724096059799, -0.6767243146896362, 0.726286768913269]
]
13[
[-0.021559076383709908, -0.2089572250843048, 0.13267123699188232]
0
[0.9999693632125854, -0.007832353003323078, -1.1188844659064238e-16, 1.1014934236614149e-16]
1
[7.549789415861596e-08, 1.0601753206069837e-14, 1.0, 1.4016406169048423e-07]
2
[1.1812642242148286e-06, -0.0004159713280387223, 1.0, -3.445681795710698e-05]
3
[0.6702657341957092, -0.16211718320846558, 0.007526160683482885, 0.7241583466529846]
4
[0.6995367407798767, 0.003567806212231517, 0.7145792245864868, -0.0034926910884678364]
5
[0.6995354294776917, -0.0038258915301412344, -0.7145779728889465, 0.003745335852727294]
6
[0.9999988675117493, -0.00010436694719828665, 6.193303647705761e-08, -0.0015709616709500551]
7
[0.7070659399032593, 0.0027407053858041763, -0.002749479841440916, -0.7071369886398315]
8
[0.6995367407798767, 0.0035678036510944366, -0.7145792245864868, 0.003492692718282342]
9
[0.6995354294776917, -0.003825878957286477, 0.7145779728889465, -0.0037453293334692717]
10
[0.9999999403953552, 4.286988986024198e-09, -5.786805346019719e-08, 0.00036126511986367404]
11
[0.0011836799094453454, -0.027612503618001938, -0.00630140257999301, 0.9995982050895691]
12
[0.7058254480361938, 0.005543232429772615, 0.01588011160492897, 0.7081860899925232]
13
[0.7952790260314941, -0.25121426582336426, -0.19715851545333862, -0.5153166055679321]
14
[0.8855345845222473, 0.23664826154708862, 0.3033941686153412, -0.2603423297405243]
15
[0.014695869758725166, 0.0162885170429945, 0.5492690205574036, -0.8353576064109802]
16
[0.47220224142074585, 0.1971094310283661, 0.2773277759552002, -0.8131803274154663]
17
[0.8798037767410278, 0.04773220419883728, -0.30727824568748474, 0.3595093786716461]
18
[0.03333798050880432, -0.12930475175380707, -0.6724883317947388, 0.7279618382453918]
]
14[
[-0.02491987869143486, -0.2415311485528946, 0.15335308015346527]
0
[0.9999591112136841, -0.009053526446223259, -1.120228866012394e-16, 1.1001263918938853e-16]
1
[7.549789415861596e-08, 1.0546104835501124e-14, 1.0, 1.396984146140312e-07]
2
[1.1812641105279909e-06, -0.0004159713280387223, 1.0, -3.4456119465176016e-05]
3
[0.6702657341957092, -0.16211718320846558, 0.007526171859353781, 0.7241583466529846]
4
[0.6995367407798767, 0.003567812964320183, 0.7145792841911316, -0.0034926983062177896]
5
[0.6995354294776917, -0.0038258808199316263, -0.7145779132843018, 0.00374533049762249]
6
[0.9999988675117493, -0.00010437022137921304, 5.471529007650133e-08, -0.0015709581784904003]
7
[0.7070659399032593, 0.0027407044544816017, -0.002749480539932847, -0.7071369886398315]
8
[0.6995367407798767, 0.0035678045824170113, -0.7145792841911316, 0.0034926922526210546]
9
[0.6995353698730469, -0.003825878258794546, 0.7145779728889465, -0.003745329100638628]
10
[0.9999999403953552, 4.56394433356877e-09, -5.7866941460815724e-08, 0.0003612651489675045]
11
[0.0013685943558812141, -0.031926095485687256, -0.007285805884748697, 0.9994627833366394]
12
[0.7058254480361938, 0.005543234292417765, 0.01588011160492897, 0.7081860899925232]
13
[0.8030285239219666, -0.2596982419490814, -0.184523805975914, -0.503639817237854]
14
[0.8752461671829224, 0.26170432567596436, 0.2994031012058258, -0.2753412127494812]
15
[0.014389829710125923, 0.017141474410891533, 0.5400985479354858, -0.8413041234016418]
16
[0.45683810114860535, 0.1933908462524414, 0.28167954087257385, -0.8213133811950684]
17
[0.8696522116661072, 0.05053139477968216, -0.3037400245666504, 0.3858673572540283]
18
[0.03472497686743736, -0.14223617315292358, -0.6682852506637573, 0.7293543815612793]
]
15[
[-0.02848917245864868, -0.27612581849098206, 0.17531797289848328]
0
[0.9999465346336365, -0.01035049743950367, -1.1216549253884354e-16, 1.0986725392492621e-16]
1
[7.549789415861596e-08, 1.0545957451768301e-14, 1.0, 1.3923275332672347e-07]
2
[1.1812642242148286e-06, -0.0004159712989348918, 1.0, -3.4456119465176016e-05]
3
[0.6702657341957092, -0.16211718320846558, 0.007526160217821598, 0.7241582870483398]
4
[0.6995367407798767, 0.0035677996929734945, 0.7145792841911316, -0.003492692019790411]
5
[0.6995353698730469, -0.0038258845452219248, -0.7145779728889465, 0.0037453272379934788]
6
[0.9999988675117493, -0.00010436694719828665, 6.565834098637424e-08, -0.0015709560830146074]
7
[0.707065999507904, 0.0027407053858041763, -0.0027494800742715597, -0.7071369886398315]
8
[0.6995367407798767, 0.0035678036510944366, -0.7145792245864868, 0.003492692718282342]
9
[0.6995354294776917, -0.0038258787244558334, 0.7145779728889465, -0.0037453300319612026]
10
[0.9999999403953552, 4.4253742892408354e-09, -5.786795398421418e-08, 0.00036126511986367404]
11
[0.001565062440931797, -0.03650922328233719, -0.008331718854606152, 0.9992973804473877]
12
[0.7058254480361938, 0.005543224047869444, 0.01588011160492897, 0.7081860899925232]
13
[0.8103218674659729, -0.2681658864021301, -0.1713486611843109, -0.49204182624816895]
14
[0.8643755912780762, 0.28702908754348755, 0.29519039392471313, -0.28867247700691223]
15
[0.013472313992679119, 0.018766114488244057, 0.5311839580535889, -0.8469415307044983]
16
[0.4412263333797455, 0.18943843245506287, 0.2861161530017853, -0.8291984796524048]
17
[0.8589231967926025, 0.05310039222240448, -0.30000001192092896, 0.4116203486919403]
18
[0.03547406196594238, -0.15526039898395538, -0.6641160845756531, 0.7304695248603821]
]
16[
[-0.032254379242658615, -0.3126194179058075, 0.19848847389221191]
0
[0.9999313354492188, -0.011718694120645523, -1.1231570853808317e-16, 1.0971365641134246e-16]
1
[7.549789415861596e-08, 1.0545802444738954e-14, 1.0, 1.4016407590133895e-07]
2
[1.1812645652753417e-06, -0.0004159713280387223, 1.0, -3.4456119465176016e-05]
3
[0.6702657341957092, -0.16211718320846558, 0.007526155095547438, 0.7241583466529846]
4
[0.6995367407798767, 0.003567797364667058, 0.7145792245864868, -0.0034926875960081816]
5
[0.6995354294776917, -0.003825885010883212, -0.7145779728889465, 0.0037453239783644676]
6
[0.9999988675117493, -0.00010436555021442473, 7.310892158329807e-08, -0.0015709598083049059]
7
[0.7070659399032593, 0.002740704920142889, -0.0027494793757796288, -0.7071369886398315]
8
[0.6995367407798767, 0.0035678036510944366, -0.7145792245864868, 0.0034926922526210546]
9
[0.6995353698730469, -0.0038258780259639025, 0.7145779728889465, -0.0037453293334692717]
10
[0.9999999403953552, 4.406786491273351e-09, -5.833566163460091e-08, 0.00036126511986367404]
11
[0.0017723924247547984, -0.04134573042392731, -0.009435455314815044, 0.9990987777709961]
12
[0.7058255076408386, 0.005543229635804892, 0.01588011160492897, 0.7081860899925232]
13
[0.8171817660331726, -0.2766101062297821, -0.1576443910598755, -0.4804675579071045]
14
[0.8529424667358398, 0.3125503361225128, 0.29076600074768066, -0.3004274368286133]
15
[0.012015284039080143, 0.021133705973625183, 0.52257239818573, -0.8522482514381409]
16
[0.42540624737739563, 0.18525196611881256, 0.2906099855899811, -0.8368136882781982]
17
[0.8476951122283936, 0.05542448163032532, -0.29608526825904846, 0.43666306138038635]
18
[0.03556635230779648, -0.16831167042255402, -0.6600092649459839, 0.7312960624694824]
]
17[
[-0.036201413720846176, -0.35087525844573975, 0.22277790307998657]
0
[0.9999135136604309, -0.01315300166606903, -1.1247296549869685e-16, 1.0955243560123343e-16]
1
[7.549789415861596e-08, 1.0601150118611392e-14, 1.0, 1.396984146140312e-07]
2
[1.1812646789621795e-06, -0.0004159713280387223, 1.0, -3.4456585126463324e-05]
3
[0.6702657341957092, -0.16211718320846558, 0.007526155095547438, 0.7241583466529846]
4
[0.6995366811752319, 0.0035678031854331493, 0.7145792841911316, -0.0034926908556371927]
5
[0.6995353698730469, -0.0038258815184235573, -0.7145779728889465, 0.003745319787412882]
6
[0.9999988675117493, -0.00010436088632559404, 6.845229449936596e-08, -0.0015709598083049059]
7
[0.7070659399032593, 0.0027407051529735327, -0.0027494800742715597, -0.7071369886398315]
8
[0.6995367407798767, 0.0035678036510944366, -0.7145792245864868, 0.0034926922526210546]
9
[0.6995353698730469, -0.003825877793133259, 0.7145779728889465, -0.0037453295662999153]
10
[0.9999999403953552, 4.362960215331668e-09, -5.7869133485155544e-08, 0.0003612651489675045]
11
[0.0019898046739399433, -0.046417418867349625, -0.010592863894999027, 0.9988639950752258]
12
[0.7058255076408386, 0.005543229635804892, 0.015880117192864418, 0.7081860899925232]
13
[0.8237789273262024, -0.2847501039505005, -0.14365525543689728, -0.46868830919265747]
14
[0.841047465801239, 0.3375747799873352, 0.28612199425697327, -0.311153769493103]
15
[0.010290753096342087, 0.023988839238882065, 0.5144945979118347, -0.8570961952209473]
16
[0.40929585695266724, 0.1808035969734192, 0.29513290524482727, -0.844205915927887]
17
[0.8359487056732178, 0.05752178281545639, -0.2919890582561493, 0.46111106872558594]
18
[0.03504486754536629, -0.18138433992862701, -0.6559439301490784, 0.7318533062934875]
]
18[
[-0.04031463339924812, -0.39074185490608215, 0.24809002876281738]
0
[0.9998927116394043, -0.014647727832198143, -1.1263660167619454e-16, 1.0938418706464014e-16]
1
[7.549789415861596e-08, 1.0600979864988994e-14, 1.0, 1.396984146140312e-07]
2
[1.18126365578064e-06, -0.0004159713280387223, 1.0, -3.445705078775063e-05]
3
[0.6702657341957092, -0.16211718320846558, 0.007526155095547438, 0.7241583466529846]
4
[0.6995367407798767, 0.0035678003914654255, 0.7145792245864868, -0.0034926922526210546]
5
[0.6995353698730469, -0.0038258798886090517, -0.7145779728889465, 0.0037453295662999153]
6
[0.9999988675117493, -0.00010435949661768973, 5.448244522199275e-08, -0.0015709607396274805]
7
[0.707065999507904, 0.0027407051529735327, -0.0027494800742715597, -0.7071369886398315]
8
[0.6995367407798767, 0.003567803418263793, -0.7145792245864868, 0.003492692718282342]
9
[0.6995353698730469, -0.0038258784916251898, 0.7145779728889465, -0.003745329100638628]
10
[0.9999999403953552, 4.419462573679311e-09, -5.693479820934044e-08, 0.00036126517807133496]
11
[0.0022164280526340008, -0.05170398950576782, -0.01179930754005909, 0.9985902905464172]
12
[0.7058254480361938, 0.0055432370863854885, 0.01588011346757412, 0.7081860899925232]
13
[0.8300730586051941, -0.29265183210372925, -0.12933120131492615, -0.4567353129386902]
14
[0.8287241458892822, 0.3622162938117981, 0.281291127204895, -0.32076647877693176]
15
[-0.008322199806571007, -0.027358874678611755, -0.5069355368614197, 0.8615095019340515]
16
[0.39297088980674744, 0.1761016994714737, 0.29965564608573914, -0.851333498954773]
17
[0.8237956166267395, 0.05938059464097023, -0.2877498269081116, 0.4848038852214813]
18
[0.03388233110308647, -0.19438838958740234, -0.6519662737846375, 0.7321237325668335]
]
19[
[-0.0445769727230072, -0.432053804397583, 0.2743198275566101]
0
[0.9998688697814941, -0.016196658834815025, -1.128059156214168e-16, 1.0920955931116285e-16]
1
[7.549789415861596e-08, 1.0600802835103017e-14, 1.0, 1.396984146140312e-07]
2
[1.1812646789621795e-06, -0.0004159713280387223, 1.0, -3.445705078775063e-05]
3
[0.6702657341957092, -0.16211718320846558, 0.007526138331741095, 0.7241583466529846]
4
[0.6995367407798767, 0.0035678015556186438, 0.7145792245864868, -0.0034926896914839745]
5
[0.6995354294776917, -0.003825882915407419, -0.7145779728889465, 0.003745331894606352]
6
[0.9999988675117493, -0.00010437904711579904, 7.683421188175998e-08, -0.001570959691889584]
7
[0.7070659399032593, 0.0027407046873122454, -0.0027494793757796288, -0.7071369886398315]
8
[0.6995367407798767, 0.0035678043495863676, -0.7145792841911316, 0.0034926922526210546]
9
[0.6995353698730469, -0.003825877793133259, 0.7145779728889465, -0.003745329100638628]
10
[0.9999999403953552, 4.538492692773843e-09, -5.600644570336044e-08, 0.00036126511986367404]
11
[0.00245130667462945, -0.05718314275145531, -0.01304970495402813, 0.9982754588127136]
12
[0.7058255076408386, 0.005543231964111328, 0.015880120918154716, 0.7081860899925232]
13
[0.8359708189964294, -0.3004324436187744, -0.1145864948630333, -0.444705605506897]
14
[0.8160038590431213, 0.38668957352638245, 0.2763154208660126, -0.32902681827545166]
15
[-0.00605922332033515, -0.031357619911432266, -0.4998936951160431, 0.8654977083206177]
16
[0.3764623701572418, 0.17114649713039398, 0.3041500747203827, -0.8581828474998474]
17
[0.8113142848014832, 0.06100819632411003, -0.28339487314224243, 0.5076755285263062]
18
[0.03208038583397865, -0.2072625458240509, -0.648094654083252, 0.7321109175682068]
]
20[
[-0.04896998777985573, -0.474632203578949, 0.30135372281074524]
0
[0.9998416900634766, -0.017793087288737297, -1.1298013971075516e-16, 1.0902931996440999e-16]
1
[7.549789415861596e-08, 1.060061987598641e-14, 1.0, 1.4062973718864669e-07]
2
[1.1812646789621795e-06, -0.0004159713280387223, 1.0, -3.445705078775063e-05]
3
[0.6702657341957092, -0.16211716830730438, 0.007526166271418333, 0.7241583466529846]
4
[0.6995367407798767, 0.0035678036510944366, 0.7145792245864868, -0.0034926896914839745]
5
[0.6995353698730469, -0.003825892461463809, -0.7145779728889465, 0.003745326306670904]
6
[0.9999988675117493, -0.0001043683587340638, 8.84757724861629e-08, -0.001570956315845251]
7
[0.707065999507904, 0.002740706317126751, -0.0027494793757796288, -0.7071369886398315]
8
[0.6995367407798767, 0.0035678036510944366, -0.7145792245864868, 0.003492692718282342]
9
[0.6995353698730469, -0.003825878957286477, 0.7145779728889465, -0.003745329100638628]
10
[0.9999999403953552, 4.435492417798059e-09, -5.879963183019754e-08, 0.00036126511986367404]
11
[0.002693407004699111, -0.06283073872327805, -0.014338542707264423, 0.9979175925254822]
12
[0.7058254480361938, 0.005543235689401627, 0.015880107879638672, 0.7081860899925232]
13
[0.8414591550827026, -0.3080306947231293, -0.09949402511119843, -0.43262526392936707]
14
[0.8030015230178833, 0.410809725522995, 0.271238774061203, -0.33593669533729553]
15
[-0.003570248605683446, -0.035944461822509766, -0.49345675110816956, 0.8690199851989746]
16
[0.359733909368515, 0.16592197120189667, 0.3085882365703583, -0.8647743463516235]
17
[0.7985243797302246, 0.06243247538805008, -0.27893081307411194, 0.5297722220420837]
18
[0.02967657521367073, -0.21996940672397614, -0.6443324089050293, 0.7318255305290222]
]
21[
[-0.053473979234695435, -0.5182862281799316, 0.3290705978870392]
0
[0.9998112320899963, -0.019429843872785568, -1.131584666159318e-16, 1.0884421679565532e-16]
1
[7.549789415861596e-08, 1.0600430987639173e-14, 1.0, 1.396984146140312e-07]
2
[1.1812645652753417e-06, -0.0004159713280387223, 1.0, -3.4456119465176016e-05]
3
[0.6702657341957092, -0.16211716830730438, 0.00752615462988615, 0.7241582870483398]
4
[0.6995367407798767, 0.0035677996929734945, 0.7145792841911316, -0.003492692019790411]
5
[0.6995353698730469, -0.0038258773274719715, -0.7145779728889465, 0.0037453314289450645]
6
[0.9999988675117493, -0.00010435949661768973, 6.589116452460075e-08, -0.0015709608560428023]
7
[0.7070659399032593, 0.0027407060842961073, -0.0027494793757796288, -0.7071369886398315]
8
[0.6995367407798767, 0.0035678036510944366, -0.7145792245864868, 0.0034926922526210546]
9
[0.6995353698730469, -0.0038258784916251898, 0.7145779728889465, -0.0037453293334692717]
10
[0.9999999403953552, 4.5322399166991545e-09, -6.066225211043275e-08, 0.00036126511986367404]
11
[0.002941617975011468, -0.06862089037895203, -0.015659909695386887, 0.9975155591964722]
12
[0.7058254480361938, 0.005543234292417765, 0.015880107879638672, 0.7081860899925232]
13
[0.8466625213623047, -0.31530410051345825, -0.08418146520853043, -0.42030879855155945]
14
[0.7897710800170898, 0.4342203438282013, 0.2660510838031769, -0.34195202589035034]
15
[-0.001070322236046195, -0.04089900478720665, -0.4877351224422455, 0.8720325827598572]
16
[0.3428301513195038, 0.16043159365653992, 0.31294602155685425, -0.871087908744812]
17
[0.7855138182640076, 0.06367543339729309, -0.2743878960609436, 0.5510217547416687]
18
[0.026669513434171677, -0.2324378341436386, -0.6406987905502319, 0.731277346611023]
]
22[
[-0.0580681636929512, -0.5628145337104797, 0.35734254121780396]
0
[0.9997774362564087, -0.021099360659718513, -1.1334007577377904e-16, 1.086551100727359e-16]
1
[7.549789415861596e-08, 1.0600238711160146e-14, 1.0, 1.396984146140312e-07]
2
[1.1812645652753417e-06, -0.0004159713280387223, 1.0, -3.4456119465176016e-05]
3
[0.6702657341957092, -0.16211716830730438, 0.007526171859353781, 0.7241583466529846]
4
[0.6995367407798767, 0.003567801322788, 0.7145792245864868, -0.0034926864318549633]
5
[0.6995353698730469, -0.0038258854765444994, -0.7145779728889465, 0.0037453374825417995]
6
[0.9999988675117493, -0.0001043688171193935, 6.51926796990665e-08, -0.0015709571307525039]
7
[0.7070659399032593, 0.002740707714110613, -0.002749477745965123, -0.7071369886398315]
8
[0.6995366811752319, 0.003567804116755724, -0.7145792841911316, 0.003492692019790411]
9
[0.6995354294776917, -0.0038258791901171207, 0.7145779728889465, -0.0037453295662999153]
10
[0.9999999403953552, 4.4901757867421566e-09, -5.6003500503720716e-08, 0.00036126511986367404]
11
[0.003194766351953149, -0.07452623546123505, -0.01700756512582302, 0.9970690011978149]
12
[0.7058255076408386, 0.005543224047869444, 0.015880119055509567, 0.7081860899925232]
13
[0.8516174554824829, -0.32219207286834717, -0.06871695071458817, -0.407698392868042]
14
[0.7763873338699341, 0.45675843954086304, 0.260773241519928, -0.3472633361816406]
15
[0.0013268706388771534, -0.04610603302717209, -0.48279380798339844, 0.8745185136795044]
16
[0.3258267343044281, 0.15468858182430267, 0.31720423698425293, -0.8770917654037476]
17
[0.7724013924598694, 0.06476429104804993, -0.26980748772621155, 0.5713192224502563]
18
[0.023067142814397812, -0.24458779394626617, -0.637237548828125, 0.7304607629776001]
]
23[
[-0.0627308338880539, -0.6080065965652466, 0.38603585958480835]
0
[0.9997401833534241, -0.022793732583522797, -1.1352404074201083e-16, 1.0846286006348878e-16]
1
[7.549789415861596e-08, 1.0489019897053867e-14, 1.0, 1.396984146140312e-07]
2
[1.18126365578064e-06, -0.0004159712407272309, 0.9999999403953552, -3.445611582719721e-05]
3
[0.6702657341957092, -0.16211718320846558, 0.007526160683482885, 0.7241583466529846]
4
[0.6995367407798767, 0.003567806212231517, 0.7145792245864868, -0.0034926969092339277]
5
[0.6995353698730469, -0.003825883846729994, -0.7145779728889465, 0.0037453274708241224]
6
[0.9999988675117493, -0.00010436927550472319, 9.569352954486021e-08, -0.00157095433678478]
7
[0.7070659399032593, 0.0027407051529735327, -0.002749479142948985, -0.7071369886398315]
8
[0.6995367407798767, 0.0035678036510944366, -0.7145792245864868, 0.0034926922526210546]
9
[0.6995353698730469, -0.003825877560302615, 0.7145779728889465, -0.0037453295662999153]
10
[0.9999999403953552, 4.476760739891006e-09, -5.879904918515422e-08, 0.00036126511986367404]
11
[0.0034516265150159597, -0.08051815629005432, -0.0183749757707119, 0.996577799320221]
12
[0.7058254480361938, 0.005543225444853306, 0.015880107879638672, 0.7081860899925232]
13
[0.856177806854248, -0.32883763313293457, -0.0530305877327919, -0.39498525857925415]
14
[0.7629214525222778, 0.4786766767501831, 0.2554757595062256, -0.3514992296695709]
15
[0.0037125602830201387, -0.051698293536901474, -0.47859346866607666, 0.876505434513092]
16
[0.30867597460746765, 0.14867223799228668, 0.3213442265987396, -0.8828100562095642]
17
[0.7591862082481384, 0.06575938314199448, -0.26518890261650085, 0.5907511711120605]
18
[0.01891632191836834, -0.2563856244087219, -0.6339335441589355, 0.7294085025787354]
]
24[
[-0.06743955612182617, -0.6536449193954468, 0.4150125980377197]
0
[0.9996997117996216, -0.02450479194521904, -1.1370952772256972e-16, 1.0826839982764491e-16]
1
[7.549789415861596e-08, 1.0488820844311263e-14, 1.0, 1.396984146140312e-07]
2
[1.1812626325991005e-06, -0.0004159712407272309, 0.9999999403953552, -3.445797847234644e-05]
3
[0.6702657341957092, -0.16211716830730438, 0.007526155095547438, 0.7241583466529846]
4
[0.6995367407798767, 0.0035678043495863676, 0.7145792841911316, -0.0034926922526210546]
5
[0.6995353698730469, -0.003825883148238063, -0.7145779728889465, 0.0037453288678079844]
6
[0.9999988675117493, -0.00010437812306918204, 7.380741351425968e-08, -0.0015709627186879516]
7
[0.7070659399032593, 0.002740707481279969, -0.002749479142948985, -0.7071369886398315]
8
[0.6995367407798767, 0.0035678038839250803, -0.7145792245864868, 0.0034926929511129856]
9
[0.6995353698730469, -0.003825877793133259, 0.7145779728889465, -0.0037453295662999153]
10
[0.9999999403953552, 4.403546416398285e-09, -5.7868621894385797e-08, 0.00036126511986367404]
11
[0.0037109307013452053, -0.08656706660985947, -0.019755396991968155, 0.9960432648658752]
12
[0.7058254480361938, 0.00554322637617588, 0.015880104154348373, 0.7081860899925232]
13
[0.8604085445404053, -0.33519676327705383, -0.03718257322907448, -0.3820441663265228]
14
[0.7493879199028015, 0.4998330771923065, 0.2501474916934967, -0.35498008131980896]
15
[0.005944997072219849, -0.057508621364831924, -0.47516587376594543, 0.8779947757720947]
16
[0.29149624705314636, 0.14240771532058716, 0.32536065578460693, -0.8881950974464417]
17
[0.7460195422172546, 0.06670565158128738, -0.26058483123779297, 0.6091803908348083]
18
[0.014220088720321655, -0.2677394151687622, -0.6308236122131348, 0.7281311750411987]
]
25[
[-0.07217142730951309, -0.6995077133178711, 0.4441318213939667]
0
[0.999656081199646, -0.026224208995699883, -1.1389558380339005e-16, 1.0807266242493526e-16]
1
[7.549789415861596e-08, 1.026657633961068e-14, 1.0, 1.396984146140312e-07]
2
[1.18126365578064e-06, -0.0004159712407272309, 0.9999999403953552, -3.4457047149771824e-05]
3
[0.6702657341957092, -0.16211716830730438, 0.007526155095547438, 0.7241583466529846]
4
[0.6995366811752319, 0.0035678043495863676, 0.7145792841911316, -0.0034926985390484333]
5
[0.6995354294776917, -0.0038258815184235573, -0.7145779728889465, 0.00374533049762249]
6
[0.9999988675117493, -0.0001043641532305628, 6.58911574191734e-08, -0.001570964464917779]
7
[0.7070659399032593, 0.002740704920142889, -0.0027494793757796288, -0.7071369886398315]
8
[0.6995367407798767, 0.003567803418263793, -0.7145792245864868, 0.003492692718282342]
9
[0.6995354294776917, -0.003825878957286477, 0.7145779728889465, -0.003745329799130559]
10
[0.9999999403953552, 4.3773984437223135e-09, -5.7868067671051904e-08, 0.00036126511986367404]
11
[0.003971384838223457, -0.09264283627271652, -0.02114194631576538, 0.9954670071601868]
12
[0.7058254480361938, 0.00554323336109519, 0.015880104154348373, 0.7081860899925232]
13
[0.8643609881401062, -0.34110933542251587, -0.02133820578455925, -0.368875652551651]
14
[0.7359753847122192, 0.5198901295661926, 0.2448323518037796, -0.35792702436447144]
15
[0.007912062108516693, -0.06336107850074768, -0.4726181626319885, 0.8789510130882263]
16
[0.27426180243492126, 0.13575418293476105, 0.3293856084346771, -0.8932281136512756]
17
[0.7329025864601135, 0.06800593435764313, -0.255996972322464, 0.6266534924507141]
18
[0.008986850269138813, -0.27853867411613464, -0.6278083324432373, 0.7267682552337646]
]
26[
[-0.07690330594778061, -0.7453705072402954, 0.4732511043548584]
0
[0.9996095299720764, -0.027943547815084457, -1.1408129577707556e-16, 1.078766140023153e-16]
1
[7.549789415861596e-08, 1.0710463955619295e-14, 1.0, 1.396984146140312e-07]
2
[1.1812637694674777e-06, -0.0004159713280387223, 1.0, -3.4456119465176016e-05]
3
[0.6702657341957092, -0.16211718320846558, 0.007526155095547438, 0.7241583466529846]
4
[0.6995367407798767, 0.00356781086884439, 0.7145792245864868, -0.0034926889929920435]
5
[0.6995353698730469, -0.003825877793133259, -0.7145779728889465, 0.0037453249096870422]
6
[0.9999988675117493, -0.00010437252785777673, 6.635681870648114e-08, -0.0015709635335952044]
7
[0.7070659399032593, 0.0027407051529735327, -0.002749477745965123, -0.7071369886398315]
8
[0.6995366811752319, 0.003567804116755724, -0.7145792841911316, 0.0034926924854516983]
9
[0.6995353698730469, -0.0038258780259639025, 0.7145779728889465, -0.003745329100638628]
10
[0.9999999403953552, 4.493813765549248e-09, -5.600644570336044e-08, 0.00036126511986367404]
11
[0.004231683444231749, -0.09871496260166168, -0.022527657449245453, 0.9948517680168152]
12
[0.7058255076408386, 0.00554323336109519, 0.015880119055509567, 0.7081860899925232]
13
[0.8679133057594299, -0.3467411398887634, -0.005436148960143328, -0.3556227385997772]
14
[0.7226946353912354, 0.5391244888305664, 0.23958300054073334, -0.3600796163082123]
15
[0.00968844536691904, -0.06935090571641922, -0.470864862203598, 0.8794220089912415]
16
[0.2570531964302063, 0.12868374586105347, 0.33347728848457336, -0.8978624939918518]
17
[0.7199354767799377, 0.06984526664018631, -0.2514601945877075, 0.6431036591529846]
18
[0.0032061527017503977, -0.2886830270290375, -0.6248949766159058, 0.725367546081543]
]
27[
[-0.08161203563213348, -0.7910090684890747, 0.5022279024124146]
0
[0.9995602965354919, -0.029654385522007942, -1.1426577690600958e-16, 1.0768121408929557e-16]
1
[7.549789415861596e-08, 1.0488219450918712e-14, 1.0, 1.396984146140312e-07]
2
[1.1812646789621795e-06, -0.0004159713280387223, 1.0, -3.445798211032525e-05]
3
[0.6702657341957092, -0.16211718320846558, 0.007526160683482885, 0.7241583466529846]
4
[0.6995367407798767, 0.0035678029526025057, 0.7145792841911316, -0.003492688061669469]
5
[0.6995353698730469, -0.0038258852437138557, -0.7145779728889465, 0.003745319554582238]
6
[0.9999988675117493, -0.0001043697411660105, 7.380741351425968e-08, -0.0015709580620750785]
7
[0.707065999507904, 0.002740706317126751, -0.002749477978795767, -0.7071369886398315]
8
[0.6995367407798767, 0.0035678038839250803, -0.7145792841911316, 0.003492692718282342]
9
[0.6995353698730469, -0.003825877560302615, 0.7145779728889465, -0.0037453295662999153]
10
[0.9999999403953552, 4.360118044388628e-09, -5.8799972890710706e-08, 0.00036126511986367404]
11
[0.004490523599088192, -0.10475307703018188, -0.023905614390969276, 0.9942007660865784]
12
[0.7058255076408386, 0.0055432310327887535, 0.015880128368735313, 0.7081860899925232]
13
[0.8711594343185425, -0.3519699275493622, 0.010397715494036674, -0.3421849012374878]
14
[0.7096303701400757, 0.5572810173034668, 0.234388530254364, -0.36183518171310425]
15
[0.01113148219883442, -0.07524020224809647, -0.4699476957321167, 0.8794113397598267]
16
[0.2399836629629135, 0.12129873037338257, 0.3375709056854248, -0.9020755887031555]
17
[0.7072554230690002, 0.07209931313991547, -0.24702106416225433, 0.6584619879722595]
18
[-0.0030633897986263037, -0.2981383204460144, -0.6221505999565125, 0.7239011526107788]
]
28[
[-0.08627469837665558, -0.836201012134552, 0.530921220779419]
0
[0.9995085597038269, -0.03134836629033089, -1.1444810074790607e-16, 1.0748738912816214e-16]
1
[7.549789415861596e-08, 1.0710064156068191e-14, 1.0, 1.4528635006172408e-07]
2
[1.1812646789621795e-06, -0.0004159713280387223, 1.0, -3.4454256820026785e-05]
3
[0.6702657341957092, -0.16211718320846558, 0.007526155095547438, 0.7241583466529846]
4
[0.6995367407798767, 0.0035678022541105747, 0.7145792841911316, -0.0034926969092339277]
5
[0.6995354294776917, -0.00382588105276227, -0.7145779728889465, 0.0037453293334692717]
6
[0.9999988675117493, -0.00010436601587571204, 7.217759190325523e-08, -0.0015709616709500551]
7
[0.7070659399032593, 0.0027407105080783367, -0.002749479142948985, -0.7071369886398315]
8
[0.6995367407798767, 0.0035678045824170113, -0.7145792841911316, 0.0034926924854516983]
9
[0.6995353698730469, -0.003825877793133259, 0.7145779728889465, -0.003745329799130559]
10
[0.9999999403953552, 4.238700501701942e-09, -5.6006104642847276e-08, 0.00036126511986367404]
11
[0.0047466205433011055, -0.11072718352079391, -0.02526896633207798, 0.9935182332992554]
12
[0.7058254480361938, 0.005543224513530731, 0.015880104154348373, 0.7081860899925232]
13
[0.8740237951278687, -0.3568772077560425, 0.026144569739699364, -0.3286908268928528]
14
[0.6968409419059753, 0.5744767189025879, 0.2293051779270172, -0.3630542755126953]
15
[0.012294097803533077, -0.08106061071157455, -0.46981191635131836, 0.878950834274292]
16
[0.22300174832344055, 0.11349137872457504, 0.3417793810367584, -0.9058569669723511]
17
[0.6948187947273254, 0.07510057091712952, -0.2426651120185852, 0.6728301644325256]
18
[-0.009792782366275787, -0.3068205416202545, -0.6194931864738464, 0.7224912047386169]
]
29[
[-0.09086889028549194, -0.8807292580604553, 0.5591931343078613]
0
[0.9994547963142395, -0.0330173559486866, -1.1462742026981777e-16, 1.0729612511820518e-16]
1
[7.549789415861596e-08, 1.0487823039499397e-14, 1.0, 1.4156105976326216e-07]
2
[1.181264451588504e-06, -0.0004159712407272309, 0.9999999403953552, -3.4455184504622594e-05]
3
[0.6702657341957092, -0.16211718320846558, 0.007526155095547438, 0.7241583466529846]
4
[0.6995367407798767, 0.0035678036510944366, 0.7145792841911316, -0.0034926976077258587]
5
[0.6995353698730469, -0.003825888503342867, -0.7145779728889465, 0.0037453209515661]
6
[0.9999988675117493, -0.00010437252785777673, 7.310890737244335e-08, -0.0015709616709500551]
7
[0.7070659399032593, 0.002740704920142889, -0.002749479142948985, -0.7071369886398315]
8
[0.6995367407798767, 0.0035678036510944366, -0.7145792245864868, 0.003492692718282342]
9
[0.6995353698730469, -0.003825877793133259, 0.7145779728889465, -0.003745329799130559]
10
[0.9999999403953552, 4.242338480509034e-09, -5.414618797772164e-08, 0.00036126511986367404]
11
[0.004998722113668919, -0.11660808324813843, -0.026611046865582466, 0.9928088784217834]
12
[0.7058254480361938, 0.005543231498450041, 0.015880119055509567, 0.7081860899925232]
13
[0.8765369057655334, -0.36142319440841675, 0.041720010340213776, -0.31514421105384827]
14
[0.6843963265419006, 0.5906211137771606, 0.22433994710445404, -0.3639231026172638]
15
[0.01312987133860588, -0.08667688816785812, -0.4704414904117584, 0.8780657649040222]
16
[0.20628157258033752, 0.10538753867149353, 0.346056193113327, -0.9091680645942688]
17
[0.6828015446662903, 0.07872531563043594, -0.23845233023166656, 0.6860939264297485]
18
[0.016924256458878517, 0.31469714641571045, 0.6169951558113098, -0.7211077213287354]
]
30[
[-0.09537287056446075, -0.9243833422660828, 0.5869100093841553]
0
[0.9993994832038879, -0.03465346619486809, -1.1480292814346682e-16, 1.0710834850171074e-16]
1
[7.549789415861596e-08, 1.0487629068954476e-14, 1.0, 1.3783576946480025e-07]
2
[1.1812627462859382e-06, -0.0004159713280387223, 1.0, -3.4460776078049093e-05]
3
[0.6702657341957092, -0.16211718320846558, 0.007526155095547438, 0.7241583466529846]
4
[0.6995367407798767, 0.0035678022541105747, 0.7145792841911316, -0.003492704126983881]
5
[0.6995353698730469, -0.0038258812855929136, -0.7145779728889465, 0.003745326306670904]
6
[0.9999988675117493, -0.0001043753363774158, 7.217759900868259e-08, -0.0015709599247202277]
7
[0.707065999507904, 0.002740702359005809, -0.0027494793757796288, -0.7071369886398315]
8
[0.6995367407798767, 0.0035678038839250803, -0.7145792841911316, 0.0034926929511129856]
9
[0.6995354294776917, -0.0038258787244558334, 0.7145779728889465, -0.003745329100638628]
10
[0.9999999403953552, 4.3901313695471345e-09, -5.414345949361632e-08, 0.00036126517807133496]
11
[0.005245620384812355, -0.12236762046813965, -0.02792542427778244, 0.9920780658721924]
12
[0.7058254480361938, 0.005543225910514593, 0.015880106016993523, 0.7081860899925232]
13
[0.8786712288856506, -0.3656456768512726, 0.05706946179270744, -0.3016345798969269]
14
[0.6723510026931763, 0.6057574152946472, 0.21953079104423523, -0.364428848028183]
15
[0.013658172450959682, -0.09206539392471313, -0.4717729687690735, 0.8767939805984497]
16
[0.1897706538438797, 0.09696345031261444, 0.35042867064476013, -0.9120225310325623]
17
[0.6711482405662537, 0.0830867663025856, -0.23436333239078522, 0.6983770132064819]
18
[0.024408454075455666, 0.3217402994632721, 0.6146307587623596, -0.7198030948638916]
]
31[
[-0.09976588934659958, -0.9669617414474487, 0.613943874835968]
0
[0.9993427991867065, -0.036249127238988876, -1.1497377733590597e-16, 1.0692489307673628e-16]
1
[7.549789415861596e-08, 1.070948478553227e-14, 1.0, 1.4156105976326216e-07]
2
[1.1812626325991005e-06, -0.0004159712407272309, 0.9999999403953552, -3.4457047149771824e-05]
3
[0.6702657341957092, -0.16211718320846558, 0.007526160683482885, 0.7241583466529846]
4
[0.6995367407798767, 0.003567809471860528, 0.7145792841911316, -0.0034926962107419968]
5
[0.6995354294776917, -0.00382588361389935, -0.7145779728889465, 0.0037453214172273874]
6
[0.9999988675117493, -0.00010437531454954296, 6.612398806282727e-08, -0.0015709643485024571]
7
[0.707065999507904, 0.002740707481279969, -0.0027494793757796288, -0.7071369886398315]
8
[0.6995367407798767, 0.003567803418263793, -0.7145792245864868, 0.0034926922526210546]
9
[0.6995353698730469, -0.0038258787244558334, 0.7145779728889465, -0.0037453293334692717]
10
[0.9999999403953552, 4.372850970213449e-09, -5.60061010901336e-08, 0.00036126517807133496]
11
[0.005486168898642063, -0.12797902524471283, -0.029206005856394768, 0.9913316369056702]
12
[0.7058254480361938, 0.005543214734643698, 0.01588010974228382, 0.7081860899925232]
13
[0.8804431557655334, -0.3695700168609619, 0.07215077430009842, -0.2881530821323395]
14
[0.660700261592865, 0.619906485080719, 0.21486806869506836, -0.3647231161594391]
15
[0.013874975964426994, -0.09713878482580185, -0.4737517535686493, 0.8751747012138367]
16
[0.1736636608839035, 0.08827142417430878, 0.35496681928634644, -0.9143564105033875]
17
[0.6600258350372314, 0.08829329907894135, -0.23045600950717926, 0.7095493078231812]
18
[0.03220983222126961, 0.3278757631778717, 0.6124071478843689, -0.7186219096183777]
]
32[
[-0.10402823239564896, -1.0082736015319824, 0.6401736736297607]
0
[0.9992854595184326, -0.03779717907309532, -1.1513927963286558e-16, 1.0674665881578826e-16]
1
[7.549789415861596e-08, 1.0487255527424737e-14, 1.0, 1.3783576946480025e-07]
2
[1.1812635420938022e-06, -0.0004159712407272309, 0.9999999403953552, -3.4458909794921055e-05]
3
[0.6702657341957092, -0.16211718320846558, 0.007526155095547438, 0.7241583466529846]
4
[0.6995367407798767, 0.0035678050480782986, 0.7145792245864868, -0.0034926943480968475]
5
[0.6995353698730469, -0.003825877793133259, -0.7145779728889465, 0.003745334455743432]
6
[0.9999988675117493, -0.00010437252785777673, 7.287608383421684e-08, -0.0015709626022726297]
7
[0.7070659399032593, 0.002740704920142889, -0.0027494768146425486, -0.7071369886398315]
8
[0.6995366811752319, 0.003567804116755724, -0.7145792841911316, 0.003492692019790411]
9
[0.6995354294776917, -0.0038258784916251898, 0.7145779728889465, -0.003745329799130559]
10
[0.9999999403953552, 4.305548362282252e-09, -5.7868977165753677e-08, 0.0003612651489675045]
11
[0.005719289183616638, -0.13341717422008514, -0.030447034165263176, 0.9905756711959839]
12
[0.7058254480361938, 0.005543239880353212, 0.015880102291703224, 0.7081860899925232]
13
[0.8818484544754028, -0.37314745783805847, 0.08683176338672638, -0.2748900353908539]
14
[0.6496142148971558, 0.6329928040504456, 0.2104213535785675, -0.36475247144699097]
15
[0.013824298046529293, -0.10187136381864548, -0.47631680965423584, 0.873242974281311]
16
[0.15790580213069916, 0.07928115874528885, 0.35971730947494507, -0.9161790013313293]
17
[0.6493597030639648, 0.09447959810495377, -0.22670449316501617, 0.7197295427322388]
18
[0.040272969752550125, 0.3330802023410797, 0.6102802157402039, -0.7176306247711182]
]
33[
[-0.1081414595246315, -1.048140287399292, 0.6654858589172363]
0
[0.9992278218269348, -0.03929093852639198, -1.152987335851862e-16, 1.0657442657736492e-16]
1
[7.549789415861596e-08, 1.0487077650505813e-14, 1.0, 1.3783576946480025e-07]
2
[1.1812635420938022e-06, -0.0004159712407272309, 0.9999999403953552, -3.445704351179302e-05]
3
[0.6702657341957092, -0.16211718320846558, 0.007526155095547438, 0.7241583466529846]
4
[0.6995367407798767, 0.0035678043495863676, 0.7145792841911316, -0.0034926976077258587]
5
[0.6995354294776917, -0.003825874999165535, -0.7145779728889465, 0.0037453267723321915]
6
[0.9999988675117493, -0.00010436600859975442, 6.47270113063314e-08, -0.0015709606232121587]
7
[0.7070659399032593, 0.002740707714110613, -0.002749479142948985, -0.7071369886398315]
8
[0.6995367407798767, 0.0035678036510944366, -0.7145792245864868, 0.0034926922526210546]
9
[0.6995354294776917, -0.0038258791901171207, 0.7145779728889465, -0.003745329799130559]
10
[0.9999999403953552, 4.4783523556191085e-09, -5.786668921814453e-08, 0.00036126511986367404]
11
[0.00594397634267807, -0.1386585384607315, -0.03164317458868027, 0.9898167848587036]
12
[0.7058254480361938, 0.005543239414691925, 0.01588009111583233, 0.7081860899925232]
13
[0.8829007744789124, -0.37642666697502136, 0.10107621550559998, -0.26186415553092957]
14
[0.6390684247016907, 0.6450865268707275, 0.20618575811386108, -0.36461275815963745]
15
[0.013505776412785053, -0.10621493309736252, -0.47938475012779236, 0.8710489869117737]
16
[0.14271222054958344, 0.07005828619003296, 0.3647623658180237, -0.9174277186393738]
17
[0.6393098831176758, 0.10174357146024704, -0.223164901137352, 0.7287857532501221]
18
[0.04856686666607857, 0.33729299902915955, 0.6082489490509033, -0.7168737053871155]
]
34[
[-0.11208847165107727, -1.0863959789276123, 0.6897751688957214]
0
[0.9991704225540161, -0.040724191814661026, -1.154514774483778e-16, 1.064089176629604e-16]
1
[7.549789415861596e-08, 1.026486109789249e-14, 1.0, 1.3783576946480025e-07]
2
[1.18126365578064e-06, -0.00041597126983106136, 0.9999999403953552, -3.4457047149771824e-05]
3
[0.6702657341957092, -0.16211718320846558, 0.007526155095547438, 0.7241583466529846]
4
[0.6995367407798767, 0.0035678029526025057, 0.7145792841911316, -0.0034926882945001125]
5
[0.6995353698730469, -0.003825883846729994, -0.7145779728889465, 0.00374533049762249]
6
[0.9999988675117493, -0.00010436787852086127, 5.820773907316834e-08, -0.0015709598083049059]
7
[0.707065999507904, 0.002740707481279969, -0.002749481936916709, -0.7071369886398315]
8
[0.6995367407798767, 0.0035678038839250803, -0.7145792841911316, 0.0034926931839436293]
9
[0.6995353698730469, -0.003825878258794546, 0.7145779728889465, -0.0037453295662999153]
10
[0.9999999403953552, 4.526100827462187e-09, -5.7869190328574405e-08, 0.00036126511986367404]
11
[0.006159309763461351, -0.14368179440498352, -0.03278952091932297, 0.9890614151954651]
12
[0.7058254480361938, 0.005543254315853119, 0.015880119055509567, 0.7081860899925232]
13
[0.8836199641227722, -0.3794175088405609, 0.11481694132089615, -0.24914893507957458]
14
[0.629097580909729, 0.6562055349349976, 0.2021731734275818, -0.3643578886985779]
15
[0.012973761186003685, -0.11014779657125473, -0.4828621447086334, 0.8686444759368896]
16
[0.12801793217658997, 0.06057574972510338, 0.37014877796173096, -0.9181132912635803]
17
[0.6297764778137207, 0.11020038276910782, -0.2198023796081543, 0.7368340492248535]
18
[0.05703098326921463, 0.34049826860427856, 0.6062725186347961, -0.7164090871810913]
]
35[
[-0.1158536896109581, -1.1228896379470825, 0.712945818901062]
0
[0.9991138577461243, -0.042091306298971176, -1.1559699506173812e-16, 1.0625087322640357e-16]
1
[7.549789415861596e-08, 1.04867422254587e-14, 1.0, 1.359731243155693e-07]
2
[1.1812618367912364e-06, -0.0004159713280387223, 1.0, -3.4460776078049093e-05]
3
[0.6702657341957092, -0.16211718320846558, 0.007526143454015255, 0.7241582870483398]
4
[0.6995367407798767, 0.0035677982959896326, 0.7145792245864868, -0.0034926836378872395]
5
[0.6995353698730469, -0.003825889201834798, -0.7145779728889465, 0.0037453249096870422]
6
[0.9999988675117493, -0.00010436602315166965, 5.844056971682221e-08, -0.0015709608560428023]
7
[0.7070659399032593, 0.002740702126175165, -0.0027494793757796288, -0.7071369886398315]
8
[0.6995367407798767, 0.0035678036510944366, -0.7145792245864868, 0.003492692718282342]
9
[0.6995354294776917, -0.003825878258794546, 0.7145779728889465, -0.0037453293334692717]
10
[0.9999999403953552, 4.502681338891534e-09, -5.6006431492505726e-08, 0.00036126511986367404]
11
[0.006364461965858936, -0.14846745133399963, -0.03388165310025215, 0.9883162379264832]
12
[0.7058255076408386, 0.005543236155062914, 0.015880124643445015, 0.7081860899925232]
13
[0.8840259909629822, -0.3821401000022888, 0.1279882788658142, -0.2368249148130417]
14
[0.6197258234024048, 0.6663857102394104, 0.1984012871980667, -0.3640150725841522]
15
[0.012243295088410378, -0.11365333944559097, -0.4866813123226166, 0.8660683035850525]
16
[0.11406001448631287, 0.05092548206448555, 0.37595367431640625, -0.9181807637214661]
17
[0.6209198236465454, 0.11990708112716675, -0.21667350828647614, 0.7437294721603394]
18
[0.0656362995505333, 0.3426554501056671, 0.6043497920036316, -0.7162685394287109]
]
36[
[-0.11942297220230103, -1.1574842929840088, 0.7349106073379517]
0
[0.9990583658218384, -0.043387141078710556, -1.1573469085522615e-16, 1.0610082928073136e-16]
1
[7.549789415861596e-08, 1.0264541766471375e-14, 1.0, 1.3783576946480025e-07]
2
[1.1812654747700435e-06, -0.0004159713280387223, 1.0, -3.445705078775063e-05]
3
[0.6702657341957092, -0.16211718320846558, 0.007526166271418333, 0.7241583466529846]
4
[0.6995367407798767, 0.0035678076092153788, 0.7145792841911316, -0.0034926903899759054]
5
[0.6995354294776917, -0.003825885010883212, -0.7145779728889465, 0.0037453200202435255]
6
[0.9999988675117493, -0.00010436322190798819, 6.58911574191734e-08, -0.0015709635335952044]
7
[0.7070659399032593, 0.002740704920142889, -0.002749479142948985, -0.7071369886398315]
8
[0.6995367407798767, 0.0035678036510944366, -0.7145792841911316, 0.003492692718282342]
9
[0.6995354294776917, -0.003825878957286477, 0.7145779728889465, -0.003745329799130559]
10
[0.9999999403953552, 4.635467565350382e-09, -5.973252115154537e-08, 0.00036126511986367404]
11
[0.006558683700859547, -0.152998149394989, -0.034915607422590256, 0.9875876903533936]
12
[0.7058254480361938, 0.005543227307498455, 0.015880100429058075, 0.7081860899925232]
13
[0.8841509819030762, -0.3846035599708557, 0.1405298113822937, -0.22496341168880463]
14
[0.6109749674797058, 0.6756529211997986, 0.1948748379945755, -0.3636297285556793]
15
[0.011372874490916729, -0.11673618853092194, -0.49071285128593445, 0.8633911609649658]
16
[0.100754015147686, 0.041086383163928986, 0.3822038769721985, -0.9176496863365173]
17
[0.6126021146774292, 0.13092772662639618, -0.2137303203344345, 0.7495972514152527]
18
[0.07431614398956299, 0.34377017617225647, 0.6024410724639893, -0.7164942622184753]
]
37[
[-0.12278377264738083, -1.1900582313537598, 0.755592405796051]
0
[0.999004602432251, -0.04460718482732773, -1.1586416778214785e-16, 1.0595942110065419e-16]
1
[7.549789415861596e-08, 1.0486438987663584e-14, 1.0, 1.3783576946480025e-07]
2
[1.18126365578064e-06, -0.00041597126983106136, 0.9999999403953552, -3.4457047149771824e-05]
3
[0.6702657341957092, -0.1621171534061432, 0.007526143454015255, 0.7241582870483398]
4
[0.6995367407798767, 0.0035677964333444834, 0.7145792245864868, -0.003492690622806549]
5
[0.6995353698730469, -0.0038258859422057867, -0.7145779728889465, 0.003745331894606352]
6
[0.9999988675117493, -0.00010436508455313742, 8.149083186026473e-08, -0.0015709579456597567]
7
[0.707065999507904, 0.002740707481279969, -0.0027494793757796288, -0.7071369886398315]
8
[0.6995367407798767, 0.0035678036510944366, -0.7145792245864868, 0.003492692718282342]
9
[0.6995354294776917, -0.0038258780259639025, 0.7145779728889465, -0.0037453300319612026]
10
[0.9999999403953552, 4.289404831325783e-09, -5.6007028348403765e-08, 0.00036126511986367404]
11
[0.006741322576999664, -0.15725867450237274, -0.03588788956403732, 0.9868821501731873]
12
[0.7058254480361938, 0.005543247796595097, 0.015880104154348373, 0.7081860899925232]
13
[0.884028434753418, -0.38682305812835693, 0.15238456428050995, -0.21363675594329834]
14
[0.6028577089309692, 0.6840441823005676, 0.19160273671150208, -0.3632279634475708]
15
[0.010384705848991871, -0.11939758062362671, -0.4949088990688324, 0.8606402277946472]
16
[0.08836504071950912, 0.03118857368826866, 0.3889479637145996, -0.916481614112854]
17
[0.6050004363059998, 0.14323082566261292, -0.21103520691394806, 0.7542703151702881]
18
[0.0830351784825325, 0.3438323140144348, 0.6005572080612183, -0.7170882821083069]
]
38[
[-0.12592504918575287, -1.2205042839050293, 0.7749234437942505]
0
[0.9989530444145203, -0.04574742168188095, -1.15985042030699e-16, 1.0582710528987021e-16]
1
[7.549789415861596e-08, 1.070834637325116e-14, 1.0, 1.3783576946480025e-07]
2
[1.1812635420938022e-06, -0.0004159712407272309, 0.9999999403953552, -3.4455184504622594e-05]
3
[0.6702657341957092, -0.16211719810962677, 0.00752615462988615, 0.7241582870483398]
4
[0.6995366811752319, 0.0035678085405379534, 0.7145792841911316, -0.003492694580927491]
5
[0.6995353698730469, -0.0038258731365203857, -0.7145779728889465, 0.003745326306670904]
6
[0.9999988675117493, -0.00010437905439175665, 5.77420777858606e-08, -0.0015709635335952044]
7
[0.707065999507904, 0.002740704920142889, -0.0027494768146425486, -0.7071369886398315]
8
[0.6995367407798767, 0.0035678036510944366, -0.7145792245864868, 0.0034926922526210546]
9
[0.6995354294776917, -0.003825878957286477, 0.7145779728889465, -0.0037453295662999153]
10
[0.9999999403953552, 4.414232979144117e-09, -5.600580266218458e-08, 0.00036126511986367404]
11
[0.006911816541105509, -0.16123583912849426, -0.03679552674293518, 0.9862056374549866]
12
[0.7058254480361938, 0.005543232429772615, 0.01588011160492897, 0.7081860899925232]
13
[0.883694589138031, -0.3888149857521057, 0.16350077092647552, -0.20291441679000854]
14
[0.5953814387321472, 0.6916000247001648, 0.18859176337718964, -0.36282721161842346]
15
[0.00932508334517479, -0.12165860831737518, -0.4991642236709595, 0.8578737378120422]
16
[0.0768747627735138, 0.021271826699376106, 0.39617377519607544, -0.914704442024231]
17
[0.598024308681488, 0.15676768124103546, -0.20855702459812164, 0.7578224539756775]
18
[0.09172235429286957, 0.34287920594215393, 0.5986794829368591, -0.7180554866790771]
]
39[
[-0.12883727252483368, -1.2487306594848633, 0.7928447127342224]
0
[0.9989041090011597, -0.04680440574884415, -1.1609694302396517e-16, 1.0570430536485304e-16]
1
[7.549789415861596e-08, 1.0486173866351093e-14, 1.0, 1.3783576946480025e-07]
2
[1.1812635420938022e-06, -0.0004159713280387223, 1.0, -3.445704351179302e-05]
3
[0.6702657341957092, -0.16211718320846558, 0.007526166271418333, 0.7241583466529846]
4
[0.6995367407798767, 0.0035678076092153788, 0.7145792841911316, -0.0034926929511129856]
5
[0.6995353698730469, -0.003825882449746132, -0.7145779728889465, 0.0037453332915902138]
6
[0.9999988675117493, -0.00010437626042403281, 5.0524317174449607e-08, -0.0015709588769823313]
7
[0.707065999507904, 0.002740707714110613, -0.0027494793757796288, -0.7071369886398315]
8
[0.6995367407798767, 0.0035678038839250803, -0.7145792841911316, 0.0034926924854516983]
9
[0.6995354294776917, -0.0038258784916251898, 0.7145779728889465, -0.003745329799130559]
10
[0.9999999403953552, 4.22096535501737e-09, -5.7868863478915955e-08, 0.0003612651489675045]
11
[0.007069679908454418, -0.16491848230361938, -0.037635933607816696, 0.9855635166168213]
12
[0.7058254480361938, 0.005543243605643511, 0.01588011533021927, 0.7081860899925232]
13
[0.8831925988197327, -0.39058735966682434, 0.17383608222007751, -0.19285601377487183]
14
[0.5885510444641113, 0.6983545422554016, 0.1858386993408203, -0.36245372891426086]
15
[0.008223704993724823, -0.12354031950235367, -0.5033894181251526, 0.8551428914070129]
16
[0.06635893881320953, 0.011429255828261375, 0.40384534001350403, -0.912345826625824]
17
[0.5916738510131836, 0.17139919102191925, -0.20629660785198212, 0.7602539658546448]
18
[0.10031043738126755, 0.3409675359725952, 0.5968127250671387, -0.7193702459335327]
]
40[
[-0.13151238858699799, -1.2746585607528687, 0.8093069791793823]
0
[0.9988580942153931, -0.047775257378816605, -1.1619963253392995e-16, 1.055914249897416e-16]
1
[7.549789415861596e-08, 1.0486056128771425e-14, 1.0, 1.359731243155693e-07]
2
[1.18126365578064e-06, -0.0004159713280387223, 1.0, -3.4460776078049093e-05]
3
[0.6702657341957092, -0.16211718320846558, 0.007526155095547438, 0.7241583466529846]
4
[0.6995367407798767, 0.0035677996929734945, 0.7145792841911316, -0.0034926903899759054]
5
[0.6995353698730469, -0.003825877793133259, -0.7145779728889465, 0.0037453209515661]
6
[0.9999988675117493, -0.00010437813034513965, 5.774209199671532e-08, -0.0015709655126556754]
7
[0.707065999507904, 0.0027407051529735327, -0.0027494793757796288, -0.7071369886398315]
8
[0.6995367407798767, 0.0035678036510944366, -0.7145792245864868, 0.0034926922526210546]
9
[0.6995353698730469, -0.0038258784916251898, 0.7145779728889465, -0.003745329100638628]
10
[0.9999999403953552, 4.234266715030799e-09, -5.4142905270282426e-08, 0.00036126511986367404]
11
[0.007214520126581192, -0.16829723119735718, -0.03840700164437294, 0.9849613904953003]
12
[0.7058254480361938, 0.005543218459933996, 0.015880098566412926, 0.7081860899925232]
13
[0.8825488686561584, -0.39220327138900757, 0.18339180946350098, -0.18344372510910034]
14
[0.5822866559028625, 0.7044044733047485, 0.18332000076770782, -0.3621470332145691]
15
[0.007116272114217281, -0.12507523596286774, -0.5075049996376038, 0.8524929881095886]
16
[0.0567813478410244, 0.001732599688693881, 0.4118715524673462, -0.9094696044921875]
17
[0.5858613848686218, 0.1869213730096817, -0.2042238861322403, 0.7616557478904724]
18
[0.1087169349193573, 0.33818796277046204, 0.5949692726135254, -0.7209861874580383]
]
41[
[-0.13394372165203094, -1.298223853111267, 0.8242690563201904]
0
[0.9988155364990234, -0.04865755885839462, -1.1629285909768713e-16, 1.0548873547977682e-16]
1
[7.549789415861596e-08, 1.048594940262007e-14, 1.0, 1.3783576946480025e-07]
2
[1.1812634284069645e-06, -0.0004159712407272309, 0.9999999403953552, -3.446076880209148e-05]
3
[0.6702657341957092, -0.16211718320846558, 0.007526166271418333, 0.7241583466529846]
4
[0.6995367407798767, 0.0035678022541105747, 0.7145792245864868, -0.0034926875960081816]
5
[0.6995354294776917, -0.003825882449746132, -0.7145779728889465, 0.003745319088920951]
6
[0.9999988675117493, -0.00010436694719828665, 8.079233992930313e-08, -0.001570957014337182]
7
[0.707065999507904, 0.002740702359005809, -0.0027494768146425486, -0.7071369886398315]
8
[0.6995367407798767, 0.0035678036510944366, -0.7145792841911316, 0.003492692718282342]
9
[0.6995354294776917, -0.0038258791901171207, 0.7145779728889465, -0.0037453293334692717]
10
[0.9999999403953552, 4.278149834391343e-09, -5.60070390065448e-08, 0.0003612651489675045]
11
[0.007346014957875013, -0.1713646948337555, -0.03910702094435692, 0.9844037890434265]
12
[0.7058254480361938, 0.005543214734643698, 0.015880106016993523, 0.7081860899925232]
13
[0.8818318247795105, -0.39358144998550415, 0.19205719232559204, -0.1748722791671753]
14
[0.5767339468002319, 0.7096824645996094, 0.18108424544334412, -0.36185264587402344]
15
[0.006035827100276947, -0.12630392611026764, -0.5114444494247437, 0.849962055683136]
16
[0.04837784916162491, -0.007603800389915705, 0.4201451539993286, -0.9061346054077148]
17
[0.580740749835968, 0.20299549400806427, -0.20239326357841492, 0.7619514465332031]
18
[0.1168566644191742, 0.3346627652645111, 0.5931816101074219, -0.7228285074234009]
]
42[
[-0.13612596690654755, -1.3193750381469727, 0.8376983404159546]
0
[0.9987767338752747, -0.04944942146539688, -1.163764771314489e-16, 1.053965280025343e-16]
1
[7.549789415861596e-08, 1.0929942050714146e-14, 1.0, 1.3783576946480025e-07]
2
[1.1812618367912364e-06, -0.0004159713280387223, 1.0, -3.446076880209148e-05]
3
[0.6702657341957092, -0.16211718320846558, 0.00752614950761199, 0.7241583466529846]
4
[0.6995367407798767, 0.0035678022541105747, 0.7145792245864868, -0.0034926957450807095]
5
[0.6995353698730469, -0.0038258819840848446, -0.7145779728889465, 0.003745334455743432]
6
[0.9999988675117493, -0.0001043697411660105, 8.079233992930313e-08, -0.0015709626022726297]
7
[0.707065999507904, 0.002740707714110613, -0.0027494793757796288, -0.7071369886398315]
8
[0.6995367407798767, 0.0035678036510944366, -0.7145792841911316, 0.0034926922526210546]
9
[0.6995353698730469, -0.003825877793133259, 0.7145779728889465, -0.003745329100638628]
10
[0.9999999403953552, 4.466983671846947e-09, -5.6004839876777623e-08, 0.00036126511986367404]
11
[0.007463917601853609, -0.17411504685878754, -0.039734676480293274, 0.9838950634002686]
12
[0.7058254480361938, 0.00554320914670825, 0.01588011346757412, 0.7081860899925232]
13
[0.881070077419281, -0.3947778642177582, 0.19984208047389984, -0.1671200841665268]
14
[0.5718161463737488, 0.7142782807350159, 0.17910684645175934, -0.3615986108779907]
15
[0.005008561071008444, -0.12726666033267975, -0.5151362419128418, 0.8475923538208008]
16
[0.04107632488012314, -0.01647108979523182, 0.42848142981529236, -0.9024661779403687]
17
[0.5762192010879517, 0.2192457914352417, -0.20077313482761383, 0.7613099813461304]
18
[0.1246187835931778, 0.3305663466453552, 0.5914751291275024, -0.7248126268386841]
]
43[
[-0.13805504143238068, -1.3380720615386963, 0.84956955909729]
0
[0.9987418055534363, -0.050149329006671906, -1.1645028811186822e-16, 1.0531492828946717e-16]
1
[7.549789415861596e-08, 1.026372268561138e-14, 1.0, 1.3783576946480025e-07]
2
[1.181265247396368e-06, -0.0004159712407272309, 0.9999999403953552, -3.446076880209148e-05]
3
[0.6702657341957092, -0.16211719810962677, 0.007526166271418333, 0.7241583466529846]
4
[0.6995367407798767, 0.0035677968990057707, 0.7145792841911316, -0.0034926929511129856]
5
[0.6995353698730469, -0.003825882449746132, -0.7145779728889465, 0.003745326306670904]
6
[0.9999988675117493, -0.00010436136653879657, 5.750926135306145e-08, -0.0015709599247202277]
7
[0.7070659399032593, 0.0027407079469412565, -0.0027494789101183414, -0.7071369886398315]
8
[0.6995367407798767, 0.0035678038839250803, -0.7145792245864868, 0.0034926922526210546]
9
[0.6995353698730469, -0.003825878258794546, 0.7145779728889465, -0.003745329100638628]
10
[0.9999999403953552, 4.418212018464374e-09, -5.973013372795322e-08, 0.0003612651489675045]
11
[0.007568039000034332, -0.1765439808368683, -0.040288981050252914, 0.9834387302398682]
12
[0.7058255076408386, 0.005543207284063101, 0.01588011533021927, 0.7081860899925232]
13
[0.8803019523620605, -0.39580443501472473, 0.20672805607318878, -0.16022136807441711]
14
[0.5675211548805237, 0.7182304263114929, 0.17738258838653564, -0.36138659715652466]
15
[0.004057195968925953, -0.12800233066082, -0.5185208916664124, 0.8454200625419617]
16
[0.03487225994467735, -0.024719685316085815, 0.43666771054267883, -0.8986068964004517]
17
[0.5722799897193909, 0.23521243035793304, -0.19935853779315948, 0.7598860263824463]
18
[0.13188384473323822, 0.3261076807975769, 0.5898832678794861, -0.7268412709236145]
]
44[
[-0.13972797989845276, -1.3542866706848145, 0.859864354133606]
0
[0.998711109161377, -0.05075627937912941, -1.1651426556916552e-16, 1.0524414148136734e-16]
1
[7.549789415861596e-08, 1.1151827413445094e-14, 1.0, 1.3783576946480025e-07]
2
[1.1812635420938022e-06, -0.0004159712989348918, 1.0, -3.446263144724071e-05]
3
[0.6702657341957092, -0.16211718320846558, 0.007526166271418333, 0.7241583466529846]
4
[0.6995367407798767, 0.003567809471860528, 0.7145792841911316, -0.0034926908556371927]
5
[0.6995354294776917, -0.0038258929271250963, -0.7145779728889465, 0.0037453225813806057]
6
[0.9999988675117493, -0.00010436787852086127, 5.820774262588202e-08, -0.0015709655126556754]
7
[0.7070659399032593, 0.0027407051529735327, -0.002749479142948985, -0.7071369886398315]
8
[0.6995367407798767, 0.0035678043495863676, -0.7145792841911316, 0.0034926929511129856]
9
[0.6995354294776917, -0.003825878957286477, 0.7145779728889465, -0.0037453302647918463]
10
[0.9999999403953552, 4.257914021366105e-09, -5.78687391339372e-08, 0.00036126511986367404]
11
[0.007658260874450207, -0.17864859104156494, -0.04076928645372391, 0.9830381274223328]
12
[0.7058254480361938, 0.00554323848336935, 0.015880100429058075, 0.7081860899925232]
13
[0.8795629739761353, -0.3966708183288574, 0.2127031832933426, -0.15420329570770264]
14
[0.5638357400894165, 0.7215743064880371, 0.17590422928333282, -0.36121666431427]
15
[0.0032001612707972527, -0.12854845821857452, -0.5215468406677246, 0.8434773087501526]
16
[0.029735257849097252, -0.03218638524413109, 0.4444543123245239, -0.8947291374206543]
17
[0.5689149498939514, 0.2503909468650818, -0.19814734160900116, 0.7578772306442261]
18
[0.13852497935295105, 0.32152384519577026, 0.5884427428245544, -0.7288130521774292]
]
45[
[-0.14114290475845337, -1.3680005073547363, 0.8685717582702637]
0
[0.9986849427223206, -0.051269616931676865, -1.165683565637816e-16, 1.051842469875736e-16]
1
[7.549789415861596e-08, 1.1151764733006997e-14, 1.0, 1.3411047916633834e-07]
2
[1.18126365578064e-06, -0.0004159713280387223, 1.0, -3.445891343289986e-05]
3
[0.6702657341957092, -0.16211718320846558, 0.007526155095547438, 0.7241583466529846]
4
[0.6995367407798767, 0.0035678104031831026, 0.7145792245864868, -0.0034926943480968475]
5
[0.6995353698730469, -0.0038258759304881096, -0.7145779728889465, 0.00374533049762249]
6
[0.9999988675117493, -0.00010437439777888358, 5.1688473945432634e-08, -0.0015709627186879516]
7
[0.707065999507904, 0.0027407051529735327, -0.002749481936916709, -0.7071369886398315]
8
[0.6995367407798767, 0.0035678036510944366, -0.7145792245864868, 0.003492692718282342]
9
[0.6995354294776917, -0.0038258794229477644, 0.7145779728889465, -0.0037453295662999153]
10
[0.9999999403953552, 4.243930096237136e-09, -5.600542252182095e-08, 0.00036126511986367404]
11
[0.007734511513262987, -0.1804274171590805, -0.04117521271109581, 0.9826956391334534]
12
[0.7058254480361938, 0.00554322637617588, 0.01588009111583233, 0.7081860899925232]
13
[0.8788854479789734, -0.3973836898803711, 0.21776075661182404, -0.14908671379089355]
14
[0.560748279094696, 0.72434002161026, 0.1746634691953659, -0.3610894978046417]
15
[0.0024522109888494015, -0.12893763184547424, -0.5241720080375671, 0.8417915105819702]
16
[0.02560902200639248, -0.03874174878001213, 0.4515872299671173, -0.891017496585846]
17
[0.5661038756370544, 0.26426762342453003, -0.19713325798511505, 0.7555312514305115]
18
[0.14441055059432983, 0.3170734643936157, 0.5871832370758057, -0.7306339144706726]
]
46[
[-0.1422988772392273, -1.379204511642456, 0.8756853342056274]
0
[0.9986632466316223, -0.05168895795941353, -1.1661250815615722e-16, 1.0513527789531046e-16]
1
[7.549789415861596e-08, 1.0263535491330036e-14, 1.0, 1.359731243155693e-07]
2
[1.18126365578064e-06, -0.0004159713280387223, 1.0, -3.445891343289986e-05]
3
[0.6702657341957092, -0.16211718320846558, 0.007526155095547438, 0.7241583466529846]
4
[0.6995366811752319, 0.0035678050480782986, 0.7145792841911316, -0.0034926878288388252]
5
[0.6995353698730469, -0.0038258798886090517, -0.7145779728889465, 0.0037453209515661]
6
[0.9999988675117493, -0.0001043641532305628, 6.495983484455792e-08, -0.0015709588769823313]
7
[0.7070659399032593, 0.002740707714110613, -0.002749479142948985, -0.7071369886398315]
8
[0.6995367407798767, 0.0035678038839250803, -0.7145792245864868, 0.003492692718282342]
9
[0.6995354294776917, -0.0038258791901171207, 0.7145779728889465, -0.0037453295662999153]
10
[0.9999999403953552, 4.306059953051999e-09, -5.973149797000588e-08, 0.00036126511986367404]
11
[0.007796770427376032, -0.18187971413135529, -0.041506651788949966, 0.9824134707450867]
12
[0.7058254480361938, 0.005543238949030638, 0.01588011533021927, 0.7081860899925232]
13
[0.8782953023910522, -0.3979545831680298, 0.2218932956457138, -0.14489006996154785]
14
[0.5582458972930908, 0.7265586853027344, 0.17365871369838715, -0.3609941899776459]
15
[0.0018268036656081676, -0.12920820713043213, -0.526360273361206, 0.8403849005699158]
16
[0.02241886593401432, -0.04426328465342522, 0.4578235447406769, -0.8876575231552124]
17
[0.5638341903686523, 0.2763745188713074, -0.19631308317184448, 0.7531065344810486]
18
[0.149420827627182, 0.31300410628318787, 0.5861261487007141, -0.7322281002998352]
]
47[
[-0.14319580793380737, -1.3878982067108154, 0.8812052011489868]
0
[0.9986463785171509, -0.052014343440532684, -1.1664674681607202e-16, 1.0509728052669222e-16]
1
[7.549789415861596e-08, 1.0707584890631578e-14, 1.0, 1.359731243155693e-07]
2
[1.1812635420938022e-06, -0.0004159712989348918, 1.0, -3.445704351179302e-05]
3
[0.6702657341957092, -0.16211718320846558, 0.007526155095547438, 0.7241583466529846]
4
[0.6995367407798767, 0.0035678090061992407, 0.7145792841911316, -0.003492695977911353]
5
[0.6995354294776917, -0.003825882915407419, -0.7145779728889465, 0.0037453267723321915]
6
[0.9999988675117493, -0.00010436787852086127, 5.844057326953589e-08, -0.001570958993397653]
7
[0.7070659399032593, 0.002740707714110613, -0.002749479142948985, -0.7071369886398315]
8
[0.6995367407798767, 0.0035678038839250803, -0.7145792841911316, 0.003492692718282342]
9
[0.6995354294776917, -0.0038258784916251898, 0.7145779728889465, -0.0037453295662999153]
10
[0.9999999403953552, 4.467694214582707e-09, -5.600644570336044e-08, 0.00036126511986367404]
11
[0.007845050655305386, -0.18300598859786987, -0.04176368564367294, 0.9821929931640625]
12
[0.7058255076408386, 0.005543234758079052, 0.01588011160492897, 0.7081860899925232]
13
[0.8778143525123596, -0.39839017391204834, 0.2251000702381134, -0.14162340760231018]
14
[0.5563166737556458, 0.7282546758651733, 0.17288464307785034, -0.3609263002872467]
15
[0.0013326882617548108, -0.12938813865184784, -0.5280852317810059, 0.8392753005027771]
16
[0.02006707154214382, -0.04865419492125511, 0.46293485164642334, -0.884828507900238]
17
[0.5620886087417603, 0.28628405928611755, -0.19568148255348206, 0.7508706450462341]
18
[0.15344437956809998, 0.30955222249031067, 0.5852885842323303, -0.7335323095321655]
]
48[
[-0.1438344419002533, -1.3940880298614502, 0.8851351737976074]
0
[0.9986343383789062, -0.05224601551890373, -1.1667115195286478e-16, 1.0507023502938419e-16]
1
[7.549789415861596e-08, 1.0707556938544319e-14, 1.0, 1.359731243155693e-07]
2
[1.1812618367912364e-06, -0.0004159713280387223, 1.0, -3.445891343289986e-05]
3
[0.6702657341957092, -0.16211716830730438, 0.007526160683482885, 0.7241583466529846]
4
[0.6995367407798767, 0.0035678076092153788, 0.7145792245864868, -0.0034926875960081816]
5
[0.6995353698730469, -0.0038258866406977177, -0.7145779728889465, 0.0037453295662999153]
6
[0.9999988675117493, -0.00010436508455313742, 6.658965645556236e-08, -0.0015709608560428023]
7
[0.7070659399032593, 0.002740707714110613, -0.002749479142948985, -0.7071369886398315]
8
[0.6995367407798767, 0.0035678038839250803, -0.7145792245864868, 0.003492692718282342]
9
[0.6995353698730469, -0.0038258784916251898, 0.7145779728889465, -0.003745329100638628]
10
[0.9999999403953552, 4.391978780660111e-09, -5.228184818406589e-08, 0.00036126511986367404]
11
[0.007879418320953846, -0.18380765616893768, -0.04194663465023041, 0.982035219669342]
12
[0.7058254480361938, 0.005543234292417765, 0.015880120918154716, 0.7081860899925232]
13
[0.8774597644805908, -0.39869654178619385, 0.22738322615623474, -0.1392924189567566]
14
[0.5549497604370117, 0.7294488549232483, 0.17233672738075256, -0.36088117957115173]
15
[0.0009763877023942769, -0.12950007617473602, -0.5293274521827698, 0.8384755849838257]
16
[0.018466448411345482, -0.05183584243059158, 0.4667348861694336, -0.8826836943626404]
17
[0.5608537197113037, 0.29362890124320984, -0.195234015583992, 0.7490720152854919]
18
[0.15638741850852966, 0.30692604184150696, 0.5846837759017944, -0.7344959378242493]
]
49[
[-0.1442161202430725, -1.39778733253479, 0.887484073638916]
0
[0.9986270070075989, -0.052384473383426666, -1.1668571033164572e-16, 1.0505404875915775e-16]
1
[7.549789415861596e-08, 1.0263450788035311e-14, 1.0, 1.359731243155693e-07]
2
[1.1812634284069645e-06, -0.0004159712407272309, 0.9999999403953552, -3.445890615694225e-05]
3
[0.6702657341957092, -0.16211718320846558, 0.007526166271418333, 0.7241583466529846]
4
[0.6995367407798767, 0.0035678043495863676, 0.7145792841911316, -0.0034926889929920435]
5
[0.6995354294776917, -0.003825869644060731, -0.7145779728889465, 0.0037453267723321915]
6
[0.9999988675117493, -0.00010436508455313742, 6.519266548821179e-08, -0.0015709627186879516]
7
[0.7070659399032593, 0.0027407105080783367, -0.002749479142948985, -0.7071369886398315]
8
[0.6995367407798767, 0.0035678038839250803, -0.7145792841911316, 0.0034926931839436293]
9
[0.6995353698730469, -0.003825878258794546, 0.7145779728889465, -0.0037453295662999153]
10
[0.9999999403953552, 4.355769522845776e-09, -5.22804732838722e-08, 0.00036126511986367404]
11
[0.007899950258433819, -0.1842866688966751, -0.04205594211816788, 0.9819406270980835]
12
[0.7058254480361938, 0.005543218459933996, 0.015880100429058075, 0.7081860899925232]
13
[0.8772429823875427, -0.3988780081272125, 0.22874777019023895, -0.13789699971675873]
14
[0.5541356801986694, 0.7301569581031799, 0.17201033234596252, -0.36085590720176697]
15
[0.0007616897928528488, -0.12956033647060394, -0.5300756692886353, 0.8379936814308167]
16
[0.017541995272040367, -0.05375942587852478, 0.4690648019313812, -0.8813515305519104]
17
[0.560119092464447, 0.29813095927238464, -0.1949675977230072, 0.7479118704795837]
18
[0.15817682445049286, 0.3052895665168762, 0.5843198299407959, -0.7350841760635376]
]
50[
[-0.14434285461902618, -1.3990154266357422, 0.8882636427879333]
0
[0.9986245632171631, -0.0524304173886776, -1.1669052783153322e-16, 9.340678325159458e-17]
1
[7.549789415861596e-08, 1.0701720881537737e-14, 1.0, 1.359731243155693e-07]
2
[1.1812619504780741e-06, -0.0004159713280387223, 1.0, -3.4462638723198324e-05]
3
[0.6702657341957092, -0.16211716830730438, 0.007526166271418333, 0.7241583466529846]
4
[0.6995367407798767, 0.003567800158634782, 0.7145792841911316, -0.003492694580927491]
5
[0.6995353698730469, -0.003825877793133259, -0.7145779728889465, 0.003745329100638628]
6
[0.9999988675117493, -0.00010436787852086127, 5.1455643301778764e-08, -0.0015709673753008246]
7
[0.707065999507904, 0.002740710275247693, -0.0027494793757796288, -0.7071369886398315]
8
[0.6995367407798767, 0.0035678043495863676, -0.7145792841911316, 0.0034926929511129856]
9
[0.6995354294776917, -0.003825878258794546, 0.7145779728889465, -0.0037453295662999153]
10
[0.9999999403953552, 4.18613455011041e-09, -5.973051742103053e-08, 0.00036126511986367404]
11
[0.007906765677034855, -0.1844456046819687, -0.0420922189950943, 0.9819091558456421]
12
[0.7058254480361938, 0.005543225910514593, 0.01588011533021927, 0.7081860899925232]
13
[0.8771701455116272, -0.39893805980682373, 0.22920086979866028, -0.13743342459201813]
14
[0.5538656711578369, 0.7303914427757263, 0.1719021499156952, -0.36084744334220886]
15
[0.0006900363368913531, -0.12957951426506042, -0.5303248763084412, 0.837833046913147]
16
[0.017240142449736595, -0.05440128594636917, 0.469849556684494, -0.8808999061584473]
17
[0.5598757863044739, 0.2996435761451721, -0.19487936794757843, 0.7475125193595886]
18
[0.15877549350261688, 0.3047352135181427, 0.5841988325119019, -0.735281229019165]
]
