11
spine
0.9999995231627309
0.44999998807907104
-1
[1.3207085778918698e-17, 3.6680502891540527, -5.202269282023053e-09]
[0.8238099217414856, 3.1097972197358104e-08, 0.5668661594390869, 2.1398594896027134e-08]
<
1
2
4
>
head
0.7688956177039871
0.3499999940395355
0
[0.0, 0.0, 0.0]
[7.450580596923828e-08, 5.2012134359115565e-15, 1.0, 6.717947798051682e-08]
<
>
uarm_L
1.4653895696359727
0.25
0
[0.0, 0.0, 0.0]
[0.6586132049560547, -0.06845367699861526, 0.009028226137161255, -0.7493071556091309]
<
3
>
farm_L
1.1546060968699097
0.2
2
[0.0, 0.0, 0.0]
[0.6749008893966675, -0.21557949483394623, 0.7017897963523865, -0.07433304935693741]
<
>
uarm_R
1.465389530867662
0.25
0
[0.0, 0.0, 0.0]
[0.5351335406303406, 0.45784804224967957, -0.43807005882263184, 0.5586608648300171]
<
5
>
farm_R
1.154606198402566
0.2
4
[0.0, 0.0, 0.0]
[0.608249843120575, -0.30162176489830017, -0.6842414736747742, 0.2662143409252167]
<
>
hip
0.8637675737625119
0.25
-1
[1.3207043592707458e-17, 3.6680502891540527, -5.202269282023053e-09]
[0.041520752012729645, 0.3844185173511505, -0.01731077954173088, 0.9220622777938843]
<
7
9
>
uleg_L
1.4271038462839316
0.30000001192092896
6
[0.0, 0.0, 0.0]
[0.9072595834732056, -0.12221406400203705, -0.20748355984687805, 0.3448106348514557]
<
8
>
calf_L
1.7600794686067864
0.25
7
[0.0, 0.0, 0.0]
[0.8988088369369507, 0.13963685929775238, 0.23327386379241943, -0.3438423275947571]
<
>
uleg_R
1.4271038766296555
0.30000001192092896
6
[0.0, 0.0, 0.0]
[0.8891160488128662, 0.11084891110658646, 0.30977967381477356, -0.31815361976623535]
<
10
>
calf_R
1.7600788086244257
0.25
9
[0.0, 0.0, 0.0]
[0.9036242365837097, -0.10213430970907211, -0.2912207543849945, 0.2970223128795624]
<
>
