11
20
0[
[0.0, 0.0, 0.0]
0
[1.0, 3.77489612901627e-08, -1.1102228261018095e-16, 1.1102232893229526e-16]
1
[7.549790126404332e-08, 5.071910044864925e-15, 1.0, 6.717947798051682e-08]
2
[0.4998869001865387, -0.4998868703842163, -0.510636031627655, -0.48936405777931213]
3
[0.48936399817466736, -0.510636031627655, 0.4998868405818939, -0.4998869001865387]
4
[0.4998869001865387, -0.4998868703842163, 0.510636031627655, 0.48936405777931213]
5
[0.48936399817466736, -0.510636031627655, -0.4998868405818939, 0.4998869001865387]
6
[1.1399866612488412e-14, -1.5099580252808664e-07, -3.3527806473130663e-23, 1.0]
7
[0.8891159296035767, 0.1108488142490387, -0.30977997183799744, 0.31815364956855774]
8
[0.8891159892082214, -0.11084888875484467, 0.30977997183799744, -0.31815358996391296]
9
[0.8891160488128662, 0.11084890365600586, 0.30977967381477356, -0.31815361976623535]
10
[0.8891159892082214, -0.11084885895252228, -0.3097798526287079, 0.31815358996391296]
]
2[
[-2.0601024145500535e-17, -0.05988578870892525, -0.03289298713207245]
0
[0.9998506307601929, 0.017283856868743896, -1.0908680570825998e-16, 1.0908684541292938e-16]
1
[7.549790126404332e-08, 5.051481727759519e-15, 1.0, 6.705522537231445e-08]
2
[0.48070380091667175, -0.5183604955673218, -0.5287057161331177, -0.46978357434272766]
3
[0.48936399817466736, -0.510636031627655, 0.4998868405818939, -0.4998869299888611]
4
[0.48070380091667175, -0.5183604955673218, 0.5287057161331177, 0.46978357434272766]
5
[0.48936399817466736, -0.510636031627655, -0.4998868405818939, 0.4998869299888611]
6
[-2.2174708735889226e-09, -1.5099412564723025e-07, 0.004708473104983568, 0.9999889135360718]
7
[0.880311906337738, 0.16692999005317688, -0.3293054401874542, 0.29789814352989197]
8
[0.8740386366844177, -0.1971578598022461, 0.3393726050853729, -0.2863766849040985]
9
[0.8803120851516724, 0.16693010926246643, 0.3293052017688751, -0.29789814352989197]
10
[0.8740386366844177, -0.1971578598022461, -0.3393724858760834, 0.2863766551017761]
]
3[
[-4.120204829100107e-17, -0.1197715774178505, -0.0657859742641449]
0
[0.9993994235992432, 0.034652940928936005, -1.0710835511915564e-16, 1.0710839482382505e-16]
1
[7.549790836947068e-08, 5.162403656817785e-15, 1.0, 6.705522537231445e-08]
2
[0.46026065945625305, -0.5365946888923645, -0.5465090274810791, -0.44894787669181824]
3
[0.48936399817466736, -0.510636031627655, 0.4998868405818939, -0.4998869299888611]
4
[0.46026065945625305, -0.5365946888923645, 0.5465090274810791, 0.44894787669181824]
5
[0.48936399817466736, -0.510636031627655, -0.4998868405818939, 0.4998869299888611]
6
[-4.4357402195771556e-09, -1.5098909500466107e-07, 0.009418618865311146, 0.9999556541442871]
7
[0.8675488829612732, 0.2239946871995926, -0.34803518652915955, 0.27578413486480713]
8
[0.8486373424530029, -0.28745323419570923, 0.367451936006546, -0.24932794272899628]
9
[0.8675490021705627, 0.22399476170539856, 0.34803488850593567, -0.27578404545783997]
10
[0.8486374020576477, -0.28745320439338684, -0.36745184659957886, 0.24932794272899628]
]
4[
[-6.180307078214038e-17, -0.17965736985206604, -0.09867896139621735]
0
[0.9986423254013062, 0.052092090249061584, -1.0508816830506434e-16, 1.0508820800973374e-16]
1
[7.549790836947068e-08, 4.940191339369198e-15, 1.0, 6.705522537231445e-08]
2
[0.43857038021087646, -0.5544633865356445, -0.5639203786849976, -0.42687249183654785]
3
[0.4893639385700226, -0.510636031627655, 0.49988681077957153, -0.4998869001865387]
4
[0.43857038021087646, -0.5544633865356445, 0.5639203786849976, 0.42687249183654785]
5
[0.4893639385700226, -0.510636031627655, -0.49988681077957153, 0.4998869001865387]
6
[-6.654651940607437e-09, -1.509807248112338e-07, 0.014130128547549248, 0.9999001622200012]
7
[0.8506935238838196, 0.28130993247032166, -0.3656397759914398, 0.2519782483577728]
8
[0.8119893074035645, -0.3787981867790222, 0.3925815522670746, -0.20752130448818207]
9
[0.8506935834884644, 0.28130996227264404, 0.36563941836357117, -0.25197815895080566]
10
[0.8119893074035645, -0.3787981867790222, -0.3925815522670746, 0.20752130448818207]
]
5[
[-8.240409658200214e-17, -0.239543154835701, -0.1315719485282898]
0
[0.9975759983062744, 0.06958566606044769, -1.0302760845963554e-16, 1.0302764816430494e-16]
1
[7.549790126404332e-08, 4.939955017176914e-15, 1.0, 6.705522537231445e-08]
2
[0.4156656265258789, -0.5718355178833008, -0.5808089971542358, -0.40359294414520264]
3
[0.48936399817466736, -0.510636031627655, 0.4998868703842163, -0.4998869299888611]
4
[0.4156656265258789, -0.5718355178833008, 0.5808089971542358, 0.40359294414520264]
5
[0.48936399817466736, -0.510636031627655, -0.4998868703842163, 0.4998869299888611]
6
[-8.874056156571442e-09, -1.5096898664523906e-07, 0.018842682242393494, 0.9998224973678589]
7
[0.8297674059867859, 0.3380838930606842, -0.38181257247924805, 0.2267257273197174]
8
[0.7642530202865601, -0.4676878750324249, 0.41342392563819885, -0.1620679348707199]
9
[0.8297675251960754, 0.338083952665329, 0.38181230425834656, -0.22672562301158905]
10
[0.7642530798912048, -0.46768784523010254, -0.4134238660335541, 0.16206784546375275]
]
6[
[-1.030051223818639e-16, -0.29942893981933594, -0.16446492075920105]
0
[0.9961980581283569, 0.0871177539229393, -1.0092816450797185e-16, 1.0092821083008616e-16]
1
[7.549790836947068e-08, 4.495560451949366e-15, 1.0, 6.705522537231445e-08]
2
[0.39159953594207764, -0.5885776281356812, -0.5970427989959717, -0.3791652321815491]
3
[0.48936399817466736, -0.510636031627655, 0.4998868703842163, -0.4998869001865387]
4
[0.39159953594207764, -0.5885776281356812, 0.5970427989959717, 0.3791652321815491]
5
[0.48936399817466736, -0.510636031627655, -0.4998868703842163, 0.4998869001865387]
6
[-1.1093808538475969e-08, -1.5095390892838623e-07, 0.023555977270007133, 0.9997225999832153]
7
[0.8205585479736328, 0.3598586618900299, -0.38766157627105713, 0.21657311916351318]
8
[0.7461264133453369, -0.49609479308128357, 0.41922566294670105, -0.1464075744152069]
9
[0.8205587267875671, 0.35985875129699707, 0.38766130805015564, -0.21657297015190125]
10
[0.7461264729499817, -0.4960947632789612, -0.4192256033420563, 0.1464076191186905]
]
7[
[-1.2360614156428076e-16, -0.3593147397041321, -0.1973579227924347]
0
[0.9945068955421448, 0.10467211157083511, -9.879149742874328e-17, 9.879153051596778e-17]
1
[7.549790126404332e-08, 5.383365330119752e-15, 1.0, 6.705522537231445e-08]
2
[0.36644724011421204, -0.6045578122138977, -0.6124914884567261, -0.3536671996116638]
3
[0.48936399817466736, -0.510636031627655, 0.4998868703842163, -0.4998869001865387]
4
[0.36644724011421204, -0.6045578122138977, 0.6124914884567261, 0.3536671996116638]
5
[0.48936399817466736, -0.510636031627655, -0.4998868703842163, 0.4998869001865387]
6
[-1.331375809598967e-08, -1.5093543481725646e-07, 0.028269683942198753, 0.999600350856781]
7
[0.8107106685638428, 0.38152697682380676, -0.39327725768089294, 0.20619982481002808]
8
[0.7267110347747803, -0.5241237878799438, 0.4244925379753113, -0.13035111129283905]
9
[0.8107107877731323, 0.3815270662307739, 0.39327704906463623, -0.20619969069957733]
10
[0.7267110347747803, -0.5241238474845886, -0.4244925379753113, 0.13035109639167786]
]
8[
[-1.4420717398158742e-16, -0.4192005395889282, -0.23025090992450714]
0
[0.9925016164779663, 0.12223224341869354, -9.661929467039943e-17, 9.661934760995863e-17]
1
[7.549790126404332e-08, 5.382922755404812e-15, 1.0, 7.450580596923828e-08]
2
[0.3403048515319824, -0.61965012550354, -0.6270310878753662, -0.3271978795528412]
3
[0.48936399817466736, -0.510636031627655, 0.4998868703842163, -0.4998869001865387]
4
[0.3403048515319824, -0.61965012550354, 0.6270310878753662, 0.3271978795528412]
5
[0.48936399817466736, -0.510636031627655, -0.4998868703842163, 0.4998869001865387]
6
[-1.5533753838781195e-08, -1.5091362115526863e-07, 0.03298349678516388, 0.9994559288024902]
7
[0.8002336025238037, 0.40303945541381836, -0.39864325523376465, 0.19562458992004395]
8
[0.7060547471046448, -0.5516352653503418, 0.4291836619377136, -0.11395915597677231]
9
[0.800233781337738, 0.40303948521614075, 0.39864298701286316, -0.195624440908432]
10
[0.7060547471046448, -0.551635205745697, -0.429183691740036, 0.11395919322967529]
]
9[
[-1.6480819316400428e-16, -0.479086309671402, -0.2631438970565796]
0
[0.9901823401451111, 0.13978168368339539, -9.441341573495732e-17, 9.441346205707162e-17]
1
[7.549790836947068e-08, 4.494233998353966e-15, 1.0, 7.450580596923828e-08]
2
[0.313289076089859, -0.6337378621101379, -0.6405471563339233, -0.2998760938644409]
3
[0.48936399817466736, -0.510636031627655, 0.4998868703842163, -0.49988695979118347]
4
[0.313289076089859, -0.6337378621101379, 0.6405471563339233, 0.2998760938644409]
5
[0.48936399817466736, -0.510636031627655, -0.4998868703842163, 0.49988695979118347]
6
[-1.7753654546481812e-08, -1.50888453731568e-07, 0.03769710659980774, 0.9992892146110535]
7
[0.7891415357589722, 0.4243468940258026, -0.4037441313266754, 0.18486760556697845]
8
[0.6842235922813416, -0.5784918069839478, 0.4332646131515503, -0.09729880839586258]
9
[0.7891417145729065, 0.42434704303741455, 0.4037439823150635, -0.18486753106117249]
10
[0.6842235922813416, -0.5784918069839478, -0.4332646429538727, 0.09729892015457153]
]
10[
[-1.8540921234642114e-16, -0.5389720797538757, -0.29603686928749084]
0
[0.9875503778457642, 0.1573037952184677, -9.217587232566667e-17, 9.217591864778098e-17]
1
[7.549790126404332e-08, 4.493655898367465e-15, 1.0, 5.960465188081798e-08]
2
[0.2855338752269745, -0.6467179656028748, -0.6529396772384644, -0.2718384265899658]
3
[0.48936399817466736, -0.510636031627655, 0.4998868703842163, -0.4998869299888611]
4
[0.2855338752269745, -0.6467179656028748, 0.6529396772384644, 0.2718384265899658]
5
[0.48936399817466736, -0.510636031627655, -0.4998868703842163, 0.4998869299888611]
6
[-1.9973304787868074e-08, -1.5085991833529988e-07, 0.04241017997264862, 0.9991002678871155]
7
[0.7774525880813599, 0.44540101289749146, -0.40856650471687317, 0.1739507019519806]
8
[0.6613002419471741, -0.6045632362365723, 0.43670859932899475, -0.08044184744358063]
9
[0.7774527668952942, 0.44540101289749146, 0.4085662066936493, -0.17395053803920746]
10
[0.6613001227378845, -0.6045634150505066, -0.43670859932899475, 0.08044182509183884]
]
11[
[-2.060102447637278e-16, -0.5988578796386719, -0.3289298415184021]
0
[0.9846071600914001, 0.17478196322917938, -8.990862982366293e-17, 8.990868276322213e-17]
1
[7.549790126404332e-08, 3.6048333101109525e-15, 1.0, 5.960465188081798e-08]
2
[0.25718846917152405, -0.6585041880607605, -0.6641255617141724, -0.24323603510856628]
3
[0.48936399817466736, -0.510636031627655, 0.4998868405818939, -0.4998869001865387]
4
[0.25718846917152405, -0.6585041880607605, 0.6641255617141724, 0.24323603510856628]
5
[0.48936399817466736, -0.510636031627655, -0.4998868405818939, 0.4998869001865387]
6
[-2.219255890167915e-08, -1.5082801496646425e-07, 0.04712242633104324, 0.998889148235321]
7
[0.7651892304420471, 0.4661545753479004, -0.41309812664985657, 0.16289660334587097]
8
[0.6373826861381531, -0.6297286152839661, 0.4394972026348114, -0.06346313655376434]
9
[0.7651894688606262, 0.46615466475486755, 0.41309791803359985, -0.16289648413658142]
10
[0.6373826861381531, -0.6297286152839661, -0.43949711322784424, 0.06346321851015091]
]
12[
[-2.2661127718103446e-16, -0.658743679523468, -0.36182284355163574]
0
[0.9813559055328369, 0.19219982624053955, -8.761391169043262e-17, 8.761395139510203e-17]
1
[7.549790126404332e-08, 4.492301916201279e-15, 1.0, 5.960464477539063e-08]
2
[0.228412926197052, -0.6690300107002258, -0.6740415692329407, -0.21422997117042542]
3
[0.4893639385700226, -0.510636031627655, 0.4998868405818939, -0.4998868703842163]
4
[0.228412926197052, -0.6690300107002258, 0.6740415692329407, 0.21422997117042542]
5
[0.4893639385700226, -0.510636031627655, -0.4998868405818939, 0.4998868703842163]
6
[-2.4411280108438405e-08, -1.5079278625762527e-07, 0.05183352530002594, 0.9986557364463806]
7
[0.752377450466156, 0.48656219244003296, -0.4173291027545929, 0.15172939002513885]
8
[0.6125829815864563, -0.6538783311843872, 0.4416205585002899, -0.046439576894044876]
9
[0.7523776888847351, 0.4865622818470001, 0.41732892394065857, -0.1517292708158493]
10
[0.6125828623771667, -0.6538784503936768, -0.4416205585002899, 0.046439651399850845]
]
13[
[-2.472122831285615e-16, -0.7186294794082642, -0.3947158455848694]
0
[0.9777998924255371, 0.2095409631729126, -8.529385536067859e-17, 8.52939083002378e-17]
1
[7.549790126404332e-08, 6.267885414520686e-15, 1.0, 5.960464477539063e-08]
2
[0.19937317073345184, -0.6782506704330444, -0.6826462745666504, -0.18498744070529938]
3
[0.48936402797698975, -0.5106359720230103, 0.4998868703842163, -0.4998869001865387]
4
[0.19937317073345184, -0.6782506704330444, 0.6826462745666504, 0.18498744070529938]
5
[0.48936402797698975, -0.5106359720230103, -0.4998868703842163, 0.4998869001865387]
6
[-2.6629303206959776e-08, -1.5075418957621878e-07, 0.05654313787817955, 0.9984001517295837]
7
[0.7390298247337341, 0.5066059827804565, -0.4212559461593628, 0.14045923948287964]
8
[0.5914658308029175, -0.6730400919914246, 0.4428746700286865, -0.03236336633563042]
9
[0.7390299439430237, 0.5066059827804565, 0.4212557375431061, -0.1404590755701065]
10
[0.5914657711982727, -0.6730400919914246, -0.44287458062171936, 0.032363440841436386]
]
14[
[-2.678133155458682e-16, -0.7785152792930603, -0.427608847618103]
0
[0.973943829536438, 0.2267894595861435, -8.295077694011599e-17, 8.295082987967519e-17]
1
[7.549790126404332e-08, 7.155228659734818e-15, 1.0, 7.450580596923828e-08]
2
[0.17023733258247375, -0.6861435174942017, -0.6899211406707764, -0.15567702054977417]
3
[0.48936399817466736, -0.510636031627655, 0.4998868703842163, -0.4998869299888611]
4
[0.17023733258247375, -0.6861435174942017, 0.6899211406707764, 0.15567702054977417]
5
[0.48936399817466736, -0.510636031627655, -0.4998868703842163, 0.4998869299888611]
6
[-2.884648608869611e-08, -1.5071226755480893e-07, 0.06125098094344139, 0.9981224536895752]
7
[0.7252823710441589, 0.5260990262031555, -0.42484569549560547, 0.12919585406780243]
8
[0.5702469348907471, -0.6911101341247559, 0.44366687536239624, -0.018573518842458725]
9
[0.7252824902534485, 0.5260990262031555, 0.424845427274704, -0.1291956603527069]
10
[0.5702468752861023, -0.6911101937294006, -0.44366690516471863, 0.018573598936200142]
]
15[
[-2.8841434796317484e-16, -0.8384010791778564, -0.4605018198490143]
0
[0.9697929620742798, 0.24392962455749512, -8.058699253445995e-17, 8.058705209146406e-17]
1
[7.549790126404332e-08, 3.6016188200761225e-15, 1.0, 5.960465188081798e-08]
2
[0.14116977155208588, -0.6927082538604736, -0.6958689093589783, -0.12646356225013733]
3
[0.48936399817466736, -0.510636031627655, 0.4998868703842163, -0.4998869001865387]
4
[0.14116977155208588, -0.6927082538604736, 0.6958689093589783, 0.12646356225013733]
5
[0.48936399817466736, -0.510636031627655, -0.4998868703842163, 0.4998869001865387]
6
[-3.10626795396729e-08, -1.5066694913912215e-07, 0.06595674157142639, 0.9978225231170654]
7
[0.7111779451370239, 0.5450143218040466, -0.42810025811195374, 0.11796432733535767]
8
[0.5490098595619202, -0.7080981135368347, 0.44402623176574707, -0.005100231152027845]
9
[0.7111781239509583, 0.5450142621994019, 0.42809998989105225, -0.11796414107084274]
10
[0.5490097403526306, -0.7080982327461243, -0.44402626156806946, 0.005100259557366371]
]
16[
[-3.090153539107019e-16, -0.8982868194580078, -0.49339479207992554]
0
[0.9653534293174744, 0.26094621419906616, -7.820489765876444e-17, 7.820493736343385e-17]
1
[7.549789415861596e-08, 5.3770219003777646e-15, 1.0, 7.450580596923828e-08]
2
[0.11232828348875046, -0.6979655027389526, -0.7005137801170349, -0.09750375151634216]
3
[0.48936399817466736, -0.510636031627655, 0.4998868703842163, -0.4998869001865387]
4
[0.11232828348875046, -0.6979655027389526, 0.7005137801170349, 0.09750375151634216]
5
[0.48936399817466736, -0.510636031627655, -0.4998868703842163, 0.4998869001865387]
6
[-3.3277753885840866e-08, -1.5061831959428673e-07, 0.0706600770354271, 0.997500479221344]
7
[0.6967604756355286, 0.5633289813995361, -0.4310237467288971, 0.10678862780332565]
8
[0.5278319716453552, -0.7240222692489624, 0.44398289918899536, 0.00803157314658165]
9
[0.6967605948448181, 0.5633290410041809, 0.43102362751960754, -0.10678848624229431]
10
[0.5278319716453552, -0.7240222692489624, -0.44398289918899536, -0.008031374774873257]
]
17[
[-3.2961638632800856e-16, -0.958172619342804, -0.5262877941131592]
0
[0.9606319665908813, 0.2778242528438568, -7.580686135830381e-17, 7.580690106297322e-17]
1
[7.549790126404332e-08, 3.599655397704387e-15, 1.0, 5.960464477539063e-08]
2
[0.08385904878377914, -0.7019554972648621, -0.703898549079895, -0.06894316524267197]
3
[0.48936402797698975, -0.510636031627655, 0.4998868703842163, -0.4998869001865387]
4
[0.08385904878377914, -0.7019554972648621, 0.703898549079895, 0.06894316524267197]
5
[0.48936402797698975, -0.510636031627655, -0.4998868703842163, 0.4998869001865387]
6
[-3.549153149151607e-08, -1.5056636470944795e-07, 0.07536069303750992, 0.9971563220024109]
7
[0.6820738911628723, 0.5810248255729675, -0.43362241983413696, 0.09569191187620163]
8
[0.5067838430404663, -0.7389078736305237, 0.44356805086135864, 0.020801248028874397]
9
[0.6820740103721619, 0.5810249447822571, 0.43362224102020264, -0.09569168090820312]
10
[0.5067837238311768, -0.7389079928398132, -0.44356805086135864, -0.020801225677132607]
]
18[
[-3.502174187453152e-16, -1.0180584192276, -0.559180736541748]
0
[0.955636203289032, 0.29454970359802246, -7.339531885280142e-17, 7.339537179236062e-17]
1
[7.549790126404332e-08, 5.374949634272307e-15, 1.0, 5.960464477539063e-08]
2
[0.05589396879076958, -0.704733669757843, -0.7060824632644653, -0.04091207683086395]
3
[0.48936399817466736, -0.510636031627655, 0.4998869001865387, -0.4998869299888611]
4
[0.05589396879076958, -0.704733669757843, 0.7060824632644653, 0.04091207683086395]
5
[0.48936399817466736, -0.510636031627655, -0.4998869001865387, 0.4998869299888611]
6
[-3.77038809062924e-08, -1.5051108448460582e-07, 0.0800582617521286, 0.9967902302742004]
7
[0.6671619415283203, 0.5980883836746216, -0.43590378761291504, 0.08469510823488235]
8
[0.4859289526939392, -0.7527866959571838, 0.4428131878376007, 0.033193476498126984]
9
[0.6671620011329651, 0.5980884432792664, 0.43590354919433594, -0.08469491451978683]
10
[0.48592883348464966, -0.7527867555618286, -0.4428131878376007, -0.033193428069353104]
]
19[
[-3.708184246928423e-16, -1.0779441595077515, -0.5920737385749817]
0
[0.95037442445755, 0.3111087679862976, -7.097272521431531e-17, 7.097276491898472e-17]
1
[7.549790126404332e-08, 3.597478946546417e-15, 1.0, 7.450580596923828e-08]
2
[0.028549591079354286, -0.7063699960708618, -0.7071374654769897, -0.013527116738259792]
3
[0.4893639385700226, -0.510636031627655, 0.4998868405818939, -0.4998868703842163]
4
[0.028549594804644585, -0.7063700556755066, 0.7071375846862793, 0.013527118600904942]
5
[0.4893639385700226, -0.510636031627655, -0.4998868405818939, 0.4998868703842163]
6
[-3.9914660021622694e-08, -1.5045247891976032e-07, 0.08475250005722046, 0.9964021444320679]
7
[0.6520678400993347, 0.6145097017288208, -0.4378769099712372, 0.07381859421730042]
8
[0.46532338857650757, -0.7656950354576111, 0.4417494237422943, 0.04519682750105858]
9
[0.6520679593086243, 0.6145098209381104, 0.4378766417503357, -0.07381834834814072]
10
[0.46532338857650757, -0.7656951546669006, -0.4417494535446167, -0.0451967753469944]
]
20[
[-3.9141945711014894e-16, -1.1378300189971924, -0.6249667406082153]
0
[0.9448552131652832, 0.32748839259147644, -6.854146934045456e-17, 6.854151566256886e-17]
1
[7.549790126404332e-08, 5.372674503775982e-15, 1.0, 7.450580596923828e-08]
2
[-0.0019236764637753367, 0.7069441080093384, 0.7071452140808105, -0.013117227703332901]
3
[0.48936399817466736, -0.510636031627655, 0.4998868703842163, -0.4998868703842163]
4
[0.0019236764637753367, -0.7069441080093384, 0.7071452140808105, -0.013117227703332901]
5
[0.48936399817466736, -0.510636031627655, -0.4998868703842163, 0.4998868703842163]
6
[-4.212373383438717e-08, -1.5039054801491147e-07, 0.0894431322813034, 0.9959920048713684]
7
[0.6368335485458374, 0.6302839517593384, -0.43955233693122864, 0.06308022141456604]
8
[0.4450162351131439, -0.7776730060577393, 0.44040733575820923, 0.056804098188877106]
9
[0.6368336081504822, 0.6302839517593384, 0.43955206871032715, -0.06307996809482574]
10
[0.44501620531082153, -0.7776730060577393, -0.44040730595588684, -0.056803904473781586]
]
